Checkpoint version: 1
2
1000 1000 
1 1 
1.0859569032467081e-13 1.0859569032467081e-13 
-1.7976931348623157e+308 -1.7976931348623157e+308 
1.0859569032466829e-16 1.0859569032466829e-16 
-2.3443831069359136e-05
1
-3.0000000000000001e-05 -3.0000000000000001e-05 -2.3460937500000661e-05 
3.0000000000000001e-05 3.0000000000000001e-05 4.4539062499999427e-05 
(32 0
((0,0,0) (127,63,63) (0,0,0))
((0,64,0) (127,127,63) (0,0,0))
((0,0,64) (127,63,127) (0,0,0))
((0,64,64) (127,127,127) (0,0,0))
((0,0,128) (127,63,191) (0,0,0))
((0,64,128) (127,127,191) (0,0,0))
((0,0,192) (127,63,255) (0,0,0))
((0,64,192) (127,127,255) (0,0,0))
((0,0,256) (127,63,319) (0,0,0))
((0,64,256) (127,127,319) (0,0,0))
((0,0,320) (127,63,383) (0,0,0))
((0,64,320) (127,127,383) (0,0,0))
((0,0,384) (127,63,447) (0,0,0))
((0,64,384) (127,127,447) (0,0,0))
((0,0,448) (127,63,511) (0,0,0))
((0,64,448) (127,127,511) (0,0,0))
((0,0,512) (127,63,575) (0,0,0))
((0,64,512) (127,127,575) (0,0,0))
((0,0,576) (127,63,639) (0,0,0))
((0,64,576) (127,127,639) (0,0,0))
((0,0,640) (127,63,703) (0,0,0))
((0,64,640) (127,127,703) (0,0,0))
((0,0,704) (127,63,767) (0,0,0))
((0,64,704) (127,127,767) (0,0,0))
((0,0,768) (127,63,831) (0,0,0))
((0,64,768) (127,127,831) (0,0,0))
((0,0,832) (127,63,895) (0,0,0))
((0,64,832) (127,127,895) (0,0,0))
((0,0,896) (127,63,959) (0,0,0))
((0,64,896) (127,127,959) (0,0,0))
((0,0,960) (127,63,1023) (0,0,0))
((0,64,960) (127,127,1023) (0,0,0))
)
(40 0
((96,96,160) (159,127,191) (0,0,0))
((96,128,160) (159,159,191) (0,0,0))
((96,96,192) (159,127,223) (0,0,0))
((96,128,192) (159,159,223) (0,0,0))
((96,96,224) (159,127,255) (0,0,0))
((96,128,224) (159,159,255) (0,0,0))
((96,96,256) (159,127,287) (0,0,0))
((96,128,256) (159,159,287) (0,0,0))
((96,96,288) (159,127,319) (0,0,0))
((96,128,288) (159,159,319) (0,0,0))
((96,96,320) (159,127,351) (0,0,0))
((96,128,320) (159,159,351) (0,0,0))
((96,96,352) (159,127,383) (0,0,0))
((96,128,352) (159,159,383) (0,0,0))
((96,96,384) (159,127,415) (0,0,0))
((96,128,384) (159,159,415) (0,0,0))
((96,96,416) (159,127,447) (0,0,0))
((96,128,416) (159,159,447) (0,0,0))
((96,96,448) (159,127,479) (0,0,0))
((96,128,448) (159,159,479) (0,0,0))
((96,96,480) (159,127,511) (0,0,0))
((96,128,480) (159,159,511) (0,0,0))
((96,96,512) (159,127,543) (0,0,0))
((96,128,512) (159,159,543) (0,0,0))
((96,96,544) (159,127,575) (0,0,0))
((96,128,544) (159,159,575) (0,0,0))
((96,96,576) (159,127,607) (0,0,0))
((96,128,576) (159,159,607) (0,0,0))
((96,96,608) (159,127,639) (0,0,0))
((96,128,608) (159,159,639) (0,0,0))
((96,96,640) (159,127,671) (0,0,0))
((96,128,640) (159,159,671) (0,0,0))
((96,96,672) (159,127,703) (0,0,0))
((96,128,672) (159,159,703) (0,0,0))
((96,96,704) (159,127,735) (0,0,0))
((96,128,704) (159,159,735) (0,0,0))
((96,96,736) (159,127,767) (0,0,0))
((96,128,736) (159,159,767) (0,0,0))
((96,96,768) (159,127,799) (0,0,0))
((96,128,768) (159,159,799) (0,0,0))
)
-1.6021766339999999e-19 9.1093837015000008e-31
4.4472656249999428e-05
1
1.0848709463434613e-13
