(40 0
((96,96,160) (159,127,191) (0,0,0))
((96,128,160) (159,159,191) (0,0,0))
((96,96,192) (159,127,223) (0,0,0))
((96,128,192) (159,159,223) (0,0,0))
((96,96,224) (159,127,255) (0,0,0))
((96,128,224) (159,159,255) (0,0,0))
((96,96,256) (159,127,287) (0,0,0))
((96,128,256) (159,159,287) (0,0,0))
((96,96,288) (159,127,319) (0,0,0))
((96,128,288) (159,159,319) (0,0,0))
((96,96,320) (159,127,351) (0,0,0))
((96,128,320) (159,159,351) (0,0,0))
((96,96,352) (159,127,383) (0,0,0))
((96,128,352) (159,159,383) (0,0,0))
((96,96,384) (159,127,415) (0,0,0))
((96,128,384) (159,159,415) (0,0,0))
((96,96,416) (159,127,447) (0,0,0))
((96,128,416) (159,159,447) (0,0,0))
((96,96,448) (159,127,479) (0,0,0))
((96,128,448) (159,159,479) (0,0,0))
((96,96,480) (159,127,511) (0,0,0))
((96,128,480) (159,159,511) (0,0,0))
((96,96,512) (159,127,543) (0,0,0))
((96,128,512) (159,159,543) (0,0,0))
((96,96,544) (159,127,575) (0,0,0))
((96,128,544) (159,159,575) (0,0,0))
((96,96,576) (159,127,607) (0,0,0))
((96,128,576) (159,159,607) (0,0,0))
((96,96,608) (159,127,639) (0,0,0))
((96,128,608) (159,159,639) (0,0,0))
((96,96,640) (159,127,671) (0,0,0))
((96,128,640) (159,159,671) (0,0,0))
((96,96,672) (159,127,703) (0,0,0))
((96,128,672) (159,159,703) (0,0,0))
((96,96,704) (159,127,735) (0,0,0))
((96,128,704) (159,159,735) (0,0,0))
((96,96,736) (159,127,767) (0,0,0))
((96,128,736) (159,159,767) (0,0,0))
((96,96,768) (159,127,799) (0,0,0))
((96,128,768) (159,159,799) (0,0,0))
)
