(32 0
((0,0,0) (127,63,63) (0,0,0))
((0,64,0) (127,127,63) (0,0,0))
((0,0,64) (127,63,127) (0,0,0))
((0,64,64) (127,127,127) (0,0,0))
((0,0,128) (127,63,191) (0,0,0))
((0,64,128) (127,127,191) (0,0,0))
((0,0,192) (127,63,255) (0,0,0))
((0,64,192) (127,127,255) (0,0,0))
((0,0,256) (127,63,319) (0,0,0))
((0,64,256) (127,127,319) (0,0,0))
((0,0,320) (127,63,383) (0,0,0))
((0,64,320) (127,127,383) (0,0,0))
((0,0,384) (127,63,447) (0,0,0))
((0,64,384) (127,127,447) (0,0,0))
((0,0,448) (127,63,511) (0,0,0))
((0,64,448) (127,127,511) (0,0,0))
((0,0,512) (127,63,575) (0,0,0))
((0,64,512) (127,127,575) (0,0,0))
((0,0,576) (127,63,639) (0,0,0))
((0,64,576) (127,127,639) (0,0,0))
((0,0,640) (127,63,703) (0,0,0))
((0,64,640) (127,127,703) (0,0,0))
((0,0,704) (127,63,767) (0,0,0))
((0,64,704) (127,127,767) (0,0,0))
((0,0,768) (127,63,831) (0,0,0))
((0,64,768) (127,127,831) (0,0,0))
((0,0,832) (127,63,895) (0,0,0))
((0,64,832) (127,127,895) (0,0,0))
((0,0,896) (127,63,959) (0,0,0))
((0,64,896) (127,127,959) (0,0,0))
((0,0,960) (127,63,1023) (0,0,0))
((0,64,960) (127,127,1023) (0,0,0))
)
