CheckPointVersion_1.0
3
0.00013661635885609007
1
1
(0 (0,0,0)(0.030517578125,0.030517578125,0.030517578125) 1)
(RealBox 0 3.90625 0 3.90625 0 3.90625 )((0,0,0) (127,127,127) (0,0,0))P(1,1,1) (0 (0,0,0)(0.0152587890625,0.0152587890625,0.0152587890625) 1)
(RealBox 0 3.90625 0 3.90625 0 3.90625 )((0,0,0) (255,255,255) (0,0,0))P(1,1,1) 
(2,2,2) 
2.1152681464706574e-06 1.0576340732353287e-06 
2.1152681464706574e-06 1.0576340732353287e-06 
1 2 
210 218 
2 4 
0
(0 (0,0,0)(0.030517578125,0.030517578125,0.030517578125) 1)
(RealBox 0 3.90625 0 3.90625 0 3.90625 )((0,0,0) (127,127,127) (0,0,0))P(1,1,1)
(8 0
((0,0,0) (63,63,63) (0,0,0))
((64,0,0) (127,63,63) (0,0,0))
((0,64,0) (63,127,63) (0,0,0))
((64,64,0) (127,127,63) (0,0,0))
((0,0,64) (63,63,127) (0,0,0))
((64,0,64) (127,63,127) (0,0,0))
((0,64,64) (63,127,127) (0,0,0))
((64,64,64) (127,127,127) (0,0,0))
)5
((0,0,0) (127,127,127) (0,0,0))
(8 0
((0,0,0) (63,63,63) (0,0,0))
((64,0,0) (127,63,63) (0,0,0))
((0,64,0) (63,127,63) (0,0,0))
((64,64,0) (127,127,63) (0,0,0))
((0,0,64) (63,63,127) (0,0,0))
((64,0,64) (127,63,127) (0,0,0))
((0,64,64) (63,127,127) (0,0,0))
((64,64,64) (127,127,127) (0,0,0))
)0.00013450109070961943
0.00013450109070961943
0.00013661635885609007
0.00013661635885609007
1
Level_0/SD_0_New_MF
((0,0,0) (127,127,127) (0,0,0))
(8 0
((0,0,0) (63,63,63) (0,0,0))
((64,0,0) (127,63,63) (0,0,0))
((0,64,0) (63,127,63) (0,0,0))
((64,64,0) (127,127,63) (0,0,0))
((0,0,64) (63,63,127) (0,0,0))
((64,0,64) (127,63,127) (0,0,0))
((0,64,64) (63,127,127) (0,0,0))
((64,64,64) (127,127,127) (0,0,0))
)0.00013450109070961943
0.00013450109070961943
0.00013661635885609007
0.00013661635885609007
1
Level_0/SD_1_New_MF
((0,0,0) (127,127,127) (0,0,0))
(8 0
((0,0,0) (63,63,63) (0,0,0))
((64,0,0) (127,63,63) (0,0,0))
((0,64,0) (63,127,63) (0,0,0))
((64,64,0) (127,127,63) (0,0,0))
((0,0,64) (63,63,127) (0,0,0))
((64,0,64) (127,63,127) (0,0,0))
((0,64,64) (63,127,127) (0,0,0))
((64,64,64) (127,127,127) (0,0,0))
)0.00013450109070961943
0.00013450109070961943
0.00013661635885609007
0.00013661635885609007
1
Level_0/SD_2_New_MF
((0,0,0) (127,127,127) (0,0,0))
(8 0
((0,0,0) (63,63,63) (0,0,0))
((64,0,0) (127,63,63) (0,0,0))
((0,64,0) (63,127,63) (0,0,0))
((64,64,0) (127,127,63) (0,0,0))
((0,0,64) (63,63,127) (0,0,0))
((64,0,64) (127,63,127) (0,0,0))
((0,64,64) (63,127,127) (0,0,0))
((64,64,64) (127,127,127) (0,0,0))
)0.00013450109070961943
0.00013450109070961943
0.00013661635885609007
0.00013661635885609007
0
((0,0,0) (127,127,127) (0,0,0))
(8 0
((0,0,0) (63,63,63) (0,0,0))
((64,0,0) (127,63,63) (0,0,0))
((0,64,0) (63,127,63) (0,0,0))
((64,64,0) (127,127,63) (0,0,0))
((0,0,64) (63,63,127) (0,0,0))
((64,0,64) (127,63,127) (0,0,0))
((0,64,64) (63,127,127) (0,0,0))
((64,64,64) (127,127,127) (0,0,0))
)0.00013450109070961943
0.00013450109070961943
0.00013661635885609007
0.00013661635885609007
1
Level_0/SD_4_New_MF
1
(0 (0,0,0)(0.0152587890625,0.0152587890625,0.0152587890625) 1)
(RealBox 0 3.90625 0 3.90625 0 3.90625 )((0,0,0) (255,255,255) (0,0,0))P(1,1,1)
(8 0
((192,0,128) (223,31,159) (0,0,0))
((224,0,128) (255,31,159) (0,0,0))
((192,0,160) (223,31,191) (0,0,0))
((224,0,160) (255,31,191) (0,0,0))
((192,224,128) (223,255,159) (0,0,0))
((224,224,128) (255,255,159) (0,0,0))
((192,224,160) (223,255,191) (0,0,0))
((224,224,160) (255,255,191) (0,0,0))
)5
((0,0,0) (255,255,255) (0,0,0))
(8 0
((192,0,128) (223,31,159) (0,0,0))
((224,0,128) (255,31,159) (0,0,0))
((192,0,160) (223,31,191) (0,0,0))
((224,0,160) (255,31,191) (0,0,0))
((192,224,128) (223,255,159) (0,0,0))
((224,224,128) (255,255,159) (0,0,0))
((192,224,160) (223,255,191) (0,0,0))
((224,224,160) (255,255,191) (0,0,0))
)0.00013555872478285475
0.00013555872478285475
0.00013661635885609007
0.00013661635885609007
1
Level_1/SD_0_New_MF
((0,0,0) (255,255,255) (0,0,0))
(8 0
((192,0,128) (223,31,159) (0,0,0))
((224,0,128) (255,31,159) (0,0,0))
((192,0,160) (223,31,191) (0,0,0))
((224,0,160) (255,31,191) (0,0,0))
((192,224,128) (223,255,159) (0,0,0))
((224,224,128) (255,255,159) (0,0,0))
((192,224,160) (223,255,191) (0,0,0))
((224,224,160) (255,255,191) (0,0,0))
)0.00013555872478285475
0.00013555872478285475
0.00013661635885609007
0.00013661635885609007
1
Level_1/SD_1_New_MF
((0,0,0) (255,255,255) (0,0,0))
(8 0
((192,0,128) (223,31,159) (0,0,0))
((224,0,128) (255,31,159) (0,0,0))
((192,0,160) (223,31,191) (0,0,0))
((224,0,160) (255,31,191) (0,0,0))
((192,224,128) (223,255,159) (0,0,0))
((224,224,128) (255,255,159) (0,0,0))
((192,224,160) (223,255,191) (0,0,0))
((224,224,160) (255,255,191) (0,0,0))
)0.00013555872478285475
0.00013555872478285475
0.00013661635885609007
0.00013661635885609007
1
Level_1/SD_2_New_MF
((0,0,0) (255,255,255) (0,0,0))
(8 0
((192,0,128) (223,31,159) (0,0,0))
((224,0,128) (255,31,159) (0,0,0))
((192,0,160) (223,31,191) (0,0,0))
((224,0,160) (255,31,191) (0,0,0))
((192,224,128) (223,255,159) (0,0,0))
((224,224,128) (255,255,159) (0,0,0))
((192,224,160) (223,255,191) (0,0,0))
((224,224,160) (255,255,191) (0,0,0))
)0.00013555872478285475
0.00013555872478285475
0.00013661635885609007
0.00013661635885609007
0
((0,0,0) (255,255,255) (0,0,0))
(8 0
((192,0,128) (223,31,159) (0,0,0))
((224,0,128) (255,31,159) (0,0,0))
((192,0,160) (223,31,191) (0,0,0))
((224,0,160) (255,31,191) (0,0,0))
((192,224,128) (223,255,159) (0,0,0))
((224,224,128) (255,255,159) (0,0,0))
((192,224,160) (223,255,191) (0,0,0))
((224,224,160) (255,255,191) (0,0,0))
)0.00013555872478285475
0.00013555872478285475
0.00013661635885609007
0.00013661635885609007
1
Level_1/SD_4_New_MF
