2
1
1
4
(32 0
((0,0,0) (128,63,63) (1,0,0))
((0,64,0) (128,127,63) (1,0,0))
((0,0,64) (128,63,127) (1,0,0))
((0,64,64) (128,127,127) (1,0,0))
((0,0,128) (128,63,191) (1,0,0))
((0,64,128) (128,127,191) (1,0,0))
((0,0,192) (128,63,255) (1,0,0))
((0,64,192) (128,127,255) (1,0,0))
((0,0,256) (128,63,319) (1,0,0))
((0,64,256) (128,127,319) (1,0,0))
((0,0,320) (128,63,383) (1,0,0))
((0,64,320) (128,127,383) (1,0,0))
((0,0,384) (128,63,447) (1,0,0))
((0,64,384) (128,127,447) (1,0,0))
((0,0,448) (128,63,511) (1,0,0))
((0,64,448) (128,127,511) (1,0,0))
((0,0,512) (128,63,575) (1,0,0))
((0,64,512) (128,127,575) (1,0,0))
((0,0,576) (128,63,639) (1,0,0))
((0,64,576) (128,127,639) (1,0,0))
((0,0,640) (128,63,703) (1,0,0))
((0,64,640) (128,127,703) (1,0,0))
((0,0,704) (128,63,767) (1,0,0))
((0,64,704) (128,127,767) (1,0,0))
((0,0,768) (128,63,831) (1,0,0))
((0,64,768) (128,127,831) (1,0,0))
((0,0,832) (128,63,895) (1,0,0))
((0,64,832) (128,127,895) (1,0,0))
((0,0,896) (128,63,959) (1,0,0))
((0,64,896) (128,127,959) (1,0,0))
((0,0,960) (128,63,1023) (1,0,0))
((0,64,960) (128,127,1023) (1,0,0))
)
32
FabOnDisk: Bx_fp_D_00000 0
FabOnDisk: Bx_fp_D_00001 0
FabOnDisk: Bx_fp_D_00002 0
FabOnDisk: Bx_fp_D_00003 0
FabOnDisk: Bx_fp_D_00004 0
FabOnDisk: Bx_fp_D_00005 0
FabOnDisk: Bx_fp_D_00006 0
FabOnDisk: Bx_fp_D_00007 0
FabOnDisk: Bx_fp_D_00008 0
FabOnDisk: Bx_fp_D_00009 0
FabOnDisk: Bx_fp_D_00010 0
FabOnDisk: Bx_fp_D_00011 0
FabOnDisk: Bx_fp_D_00012 0
FabOnDisk: Bx_fp_D_00013 0
FabOnDisk: Bx_fp_D_00014 0
FabOnDisk: Bx_fp_D_00015 0
FabOnDisk: Bx_fp_D_00016 0
FabOnDisk: Bx_fp_D_00017 0
FabOnDisk: Bx_fp_D_00018 0
FabOnDisk: Bx_fp_D_00019 0
FabOnDisk: Bx_fp_D_00020 0
FabOnDisk: Bx_fp_D_00021 0
FabOnDisk: Bx_fp_D_00022 0
FabOnDisk: Bx_fp_D_00023 0
FabOnDisk: Bx_fp_D_00024 0
FabOnDisk: Bx_fp_D_00025 0
FabOnDisk: Bx_fp_D_00026 0
FabOnDisk: Bx_fp_D_00027 0
FabOnDisk: Bx_fp_D_00028 0
FabOnDisk: Bx_fp_D_00029 0
FabOnDisk: Bx_fp_D_00030 0
FabOnDisk: Bx_fp_D_00031 0

((8, (64 11 52 0 1 12 0 1023)),(8, (8 7 6 5 4 3 2 1)))
