2
1
1
4
(32 0
((0,0,0) (127,64,63) (0,1,0))
((0,64,0) (127,128,63) (0,1,0))
((0,0,64) (127,64,127) (0,1,0))
((0,64,64) (127,128,127) (0,1,0))
((0,0,128) (127,64,191) (0,1,0))
((0,64,128) (127,128,191) (0,1,0))
((0,0,192) (127,64,255) (0,1,0))
((0,64,192) (127,128,255) (0,1,0))
((0,0,256) (127,64,319) (0,1,0))
((0,64,256) (127,128,319) (0,1,0))
((0,0,320) (127,64,383) (0,1,0))
((0,64,320) (127,128,383) (0,1,0))
((0,0,384) (127,64,447) (0,1,0))
((0,64,384) (127,128,447) (0,1,0))
((0,0,448) (127,64,511) (0,1,0))
((0,64,448) (127,128,511) (0,1,0))
((0,0,512) (127,64,575) (0,1,0))
((0,64,512) (127,128,575) (0,1,0))
((0,0,576) (127,64,639) (0,1,0))
((0,64,576) (127,128,639) (0,1,0))
((0,0,640) (127,64,703) (0,1,0))
((0,64,640) (127,128,703) (0,1,0))
((0,0,704) (127,64,767) (0,1,0))
((0,64,704) (127,128,767) (0,1,0))
((0,0,768) (127,64,831) (0,1,0))
((0,64,768) (127,128,831) (0,1,0))
((0,0,832) (127,64,895) (0,1,0))
((0,64,832) (127,128,895) (0,1,0))
((0,0,896) (127,64,959) (0,1,0))
((0,64,896) (127,128,959) (0,1,0))
((0,0,960) (127,64,1023) (0,1,0))
((0,64,960) (127,128,1023) (0,1,0))
)
32
FabOnDisk: By_fp_D_00000 0
FabOnDisk: By_fp_D_00001 0
FabOnDisk: By_fp_D_00002 0
FabOnDisk: By_fp_D_00003 0
FabOnDisk: By_fp_D_00004 0
FabOnDisk: By_fp_D_00005 0
FabOnDisk: By_fp_D_00006 0
FabOnDisk: By_fp_D_00007 0
FabOnDisk: By_fp_D_00008 0
FabOnDisk: By_fp_D_00009 0
FabOnDisk: By_fp_D_00010 0
FabOnDisk: By_fp_D_00011 0
FabOnDisk: By_fp_D_00012 0
FabOnDisk: By_fp_D_00013 0
FabOnDisk: By_fp_D_00014 0
FabOnDisk: By_fp_D_00015 0
FabOnDisk: By_fp_D_00016 0
FabOnDisk: By_fp_D_00017 0
FabOnDisk: By_fp_D_00018 0
FabOnDisk: By_fp_D_00019 0
FabOnDisk: By_fp_D_00020 0
FabOnDisk: By_fp_D_00021 0
FabOnDisk: By_fp_D_00022 0
FabOnDisk: By_fp_D_00023 0
FabOnDisk: By_fp_D_00024 0
FabOnDisk: By_fp_D_00025 0
FabOnDisk: By_fp_D_00026 0
FabOnDisk: By_fp_D_00027 0
FabOnDisk: By_fp_D_00028 0
FabOnDisk: By_fp_D_00029 0
FabOnDisk: By_fp_D_00030 0
FabOnDisk: By_fp_D_00031 0

((8, (64 11 52 0 1 12 0 1023)),(8, (8 7 6 5 4 3 2 1)))
