2
1
1
4
(32 0
((0,0,0) (127,64,64) (0,1,1))
((0,64,0) (127,128,64) (0,1,1))
((0,0,64) (127,64,128) (0,1,1))
((0,64,64) (127,128,128) (0,1,1))
((0,0,128) (127,64,192) (0,1,1))
((0,64,128) (127,128,192) (0,1,1))
((0,0,192) (127,64,256) (0,1,1))
((0,64,192) (127,128,256) (0,1,1))
((0,0,256) (127,64,320) (0,1,1))
((0,64,256) (127,128,320) (0,1,1))
((0,0,320) (127,64,384) (0,1,1))
((0,64,320) (127,128,384) (0,1,1))
((0,0,384) (127,64,448) (0,1,1))
((0,64,384) (127,128,448) (0,1,1))
((0,0,448) (127,64,512) (0,1,1))
((0,64,448) (127,128,512) (0,1,1))
((0,0,512) (127,64,576) (0,1,1))
((0,64,512) (127,128,576) (0,1,1))
((0,0,576) (127,64,640) (0,1,1))
((0,64,576) (127,128,640) (0,1,1))
((0,0,640) (127,64,704) (0,1,1))
((0,64,640) (127,128,704) (0,1,1))
((0,0,704) (127,64,768) (0,1,1))
((0,64,704) (127,128,768) (0,1,1))
((0,0,768) (127,64,832) (0,1,1))
((0,64,768) (127,128,832) (0,1,1))
((0,0,832) (127,64,896) (0,1,1))
((0,64,832) (127,128,896) (0,1,1))
((0,0,896) (127,64,960) (0,1,1))
((0,64,896) (127,128,960) (0,1,1))
((0,0,960) (127,64,1024) (0,1,1))
((0,64,960) (127,128,1024) (0,1,1))
)
32
FabOnDisk: Ex_fp_D_00000 0
FabOnDisk: Ex_fp_D_00001 0
FabOnDisk: Ex_fp_D_00002 0
FabOnDisk: Ex_fp_D_00003 0
FabOnDisk: Ex_fp_D_00004 0
FabOnDisk: Ex_fp_D_00005 0
FabOnDisk: Ex_fp_D_00006 0
FabOnDisk: Ex_fp_D_00007 0
FabOnDisk: Ex_fp_D_00008 0
FabOnDisk: Ex_fp_D_00009 0
FabOnDisk: Ex_fp_D_00010 0
FabOnDisk: Ex_fp_D_00011 0
FabOnDisk: Ex_fp_D_00012 0
FabOnDisk: Ex_fp_D_00013 0
FabOnDisk: Ex_fp_D_00014 0
FabOnDisk: Ex_fp_D_00015 0
FabOnDisk: Ex_fp_D_00016 0
FabOnDisk: Ex_fp_D_00017 0
FabOnDisk: Ex_fp_D_00018 0
FabOnDisk: Ex_fp_D_00019 0
FabOnDisk: Ex_fp_D_00020 0
FabOnDisk: Ex_fp_D_00021 0
FabOnDisk: Ex_fp_D_00022 0
FabOnDisk: Ex_fp_D_00023 0
FabOnDisk: Ex_fp_D_00024 0
FabOnDisk: Ex_fp_D_00025 0
FabOnDisk: Ex_fp_D_00026 0
FabOnDisk: Ex_fp_D_00027 0
FabOnDisk: Ex_fp_D_00028 0
FabOnDisk: Ex_fp_D_00029 0
FabOnDisk: Ex_fp_D_00030 0
FabOnDisk: Ex_fp_D_00031 0

((8, (64 11 52 0 1 12 0 1023)),(8, (8 7 6 5 4 3 2 1)))
