2
1
1
4
(32 0
((0,0,0) (128,64,63) (1,1,0))
((0,64,0) (128,128,63) (1,1,0))
((0,0,64) (128,64,127) (1,1,0))
((0,64,64) (128,128,127) (1,1,0))
((0,0,128) (128,64,191) (1,1,0))
((0,64,128) (128,128,191) (1,1,0))
((0,0,192) (128,64,255) (1,1,0))
((0,64,192) (128,128,255) (1,1,0))
((0,0,256) (128,64,319) (1,1,0))
((0,64,256) (128,128,319) (1,1,0))
((0,0,320) (128,64,383) (1,1,0))
((0,64,320) (128,128,383) (1,1,0))
((0,0,384) (128,64,447) (1,1,0))
((0,64,384) (128,128,447) (1,1,0))
((0,0,448) (128,64,511) (1,1,0))
((0,64,448) (128,128,511) (1,1,0))
((0,0,512) (128,64,575) (1,1,0))
((0,64,512) (128,128,575) (1,1,0))
((0,0,576) (128,64,639) (1,1,0))
((0,64,576) (128,128,639) (1,1,0))
((0,0,640) (128,64,703) (1,1,0))
((0,64,640) (128,128,703) (1,1,0))
((0,0,704) (128,64,767) (1,1,0))
((0,64,704) (128,128,767) (1,1,0))
((0,0,768) (128,64,831) (1,1,0))
((0,64,768) (128,128,831) (1,1,0))
((0,0,832) (128,64,895) (1,1,0))
((0,64,832) (128,128,895) (1,1,0))
((0,0,896) (128,64,959) (1,1,0))
((0,64,896) (128,128,959) (1,1,0))
((0,0,960) (128,64,1023) (1,1,0))
((0,64,960) (128,128,1023) (1,1,0))
)
32
FabOnDisk: Ez_fp_D_00000 0
FabOnDisk: Ez_fp_D_00001 0
FabOnDisk: Ez_fp_D_00002 0
FabOnDisk: Ez_fp_D_00003 0
FabOnDisk: Ez_fp_D_00004 0
FabOnDisk: Ez_fp_D_00005 0
FabOnDisk: Ez_fp_D_00006 0
FabOnDisk: Ez_fp_D_00007 0
FabOnDisk: Ez_fp_D_00008 0
FabOnDisk: Ez_fp_D_00009 0
FabOnDisk: Ez_fp_D_00010 0
FabOnDisk: Ez_fp_D_00011 0
FabOnDisk: Ez_fp_D_00012 0
FabOnDisk: Ez_fp_D_00013 0
FabOnDisk: Ez_fp_D_00014 0
FabOnDisk: Ez_fp_D_00015 0
FabOnDisk: Ez_fp_D_00016 0
FabOnDisk: Ez_fp_D_00017 0
FabOnDisk: Ez_fp_D_00018 0
FabOnDisk: Ez_fp_D_00019 0
FabOnDisk: Ez_fp_D_00020 0
FabOnDisk: Ez_fp_D_00021 0
FabOnDisk: Ez_fp_D_00022 0
FabOnDisk: Ez_fp_D_00023 0
FabOnDisk: Ez_fp_D_00024 0
FabOnDisk: Ez_fp_D_00025 0
FabOnDisk: Ez_fp_D_00026 0
FabOnDisk: Ez_fp_D_00027 0
FabOnDisk: Ez_fp_D_00028 0
FabOnDisk: Ez_fp_D_00029 0
FabOnDisk: Ez_fp_D_00030 0
FabOnDisk: Ez_fp_D_00031 0

((8, (64 11 52 0 1 12 0 1023)),(8, (8 7 6 5 4 3 2 1)))
