Version_Two_Dot_One_double
3
5
weight
momentum_x
momentum_y
momentum_z
initialenergy
1
regionofinterest
1
4955320
2159203
1
32
40
0 0 0
1 0 0
2 0 0
3 0 0
4 0 0
5 0 0
6 3552 0
7 3046 0
8 18086 0
9 16554 0
10 123692 0
11 120182 0
12 218904 0
13 219458 0
14 210666 0
15 228874 0
16 217586 0
17 220338 0
18 226896 0
19 225536 0
20 240758 0
21 238442 0
22 245326 0
23 243628 0
24 249196 0
25 248170 0
26 247136 0
27 247024 0
28 237336 0
29 237320 0
30 232974 0
31 232974 0
8 0 0
0 0 0
9 0 0
0 0 0
10 0 0
11 0 0
12 0 0
14 0 0
13 0 0
15 0 0
1 0 0
16 0 0
1 0 0
2 0 0
2 0 0
3 0 0
17 232 0
3 180 0
18 174 0
20 150 0
19 106 0
21 102 0
22 90 0
24 60 0
4 72 0
25 50 0
4 52 5472
5 24 0
23 42 0
5 24 1824
26 42 0
6 24 0
27 40 0
29 24 0
28 42 0
30 24 0
6 36 1824
31 28 0
7 22 0
7 26 1672
