2
1
1
4
(40 0
((48,48,80) (80,63,95) (1,0,0))
((48,64,80) (80,79,95) (1,0,0))
((48,48,96) (80,63,111) (1,0,0))
((48,64,96) (80,79,111) (1,0,0))
((48,48,112) (80,63,127) (1,0,0))
((48,64,112) (80,79,127) (1,0,0))
((48,48,128) (80,63,143) (1,0,0))
((48,64,128) (80,79,143) (1,0,0))
((48,48,144) (80,63,159) (1,0,0))
((48,64,144) (80,79,159) (1,0,0))
((48,48,160) (80,63,175) (1,0,0))
((48,64,160) (80,79,175) (1,0,0))
((48,48,176) (80,63,191) (1,0,0))
((48,64,176) (80,79,191) (1,0,0))
((48,48,192) (80,63,207) (1,0,0))
((48,64,192) (80,79,207) (1,0,0))
((48,48,208) (80,63,223) (1,0,0))
((48,64,208) (80,79,223) (1,0,0))
((48,48,224) (80,63,239) (1,0,0))
((48,64,224) (80,79,239) (1,0,0))
((48,48,240) (80,63,255) (1,0,0))
((48,64,240) (80,79,255) (1,0,0))
((48,48,256) (80,63,271) (1,0,0))
((48,64,256) (80,79,271) (1,0,0))
((48,48,272) (80,63,287) (1,0,0))
((48,64,272) (80,79,287) (1,0,0))
((48,48,288) (80,63,303) (1,0,0))
((48,64,288) (80,79,303) (1,0,0))
((48,48,304) (80,63,319) (1,0,0))
((48,64,304) (80,79,319) (1,0,0))
((48,48,320) (80,63,335) (1,0,0))
((48,64,320) (80,79,335) (1,0,0))
((48,48,336) (80,63,351) (1,0,0))
((48,64,336) (80,79,351) (1,0,0))
((48,48,352) (80,63,367) (1,0,0))
((48,64,352) (80,79,367) (1,0,0))
((48,48,368) (80,63,383) (1,0,0))
((48,64,368) (80,79,383) (1,0,0))
((48,48,384) (80,63,399) (1,0,0))
((48,64,384) (80,79,399) (1,0,0))
)
40
FabOnDisk: Bx_cp_D_00008 0
FabOnDisk: Bx_cp_D_00000 0
FabOnDisk: Bx_cp_D_00009 0
FabOnDisk: Bx_cp_D_00000 188928
FabOnDisk: Bx_cp_D_00010 0
FabOnDisk: Bx_cp_D_00011 0
FabOnDisk: Bx_cp_D_00012 0
FabOnDisk: Bx_cp_D_00014 0
FabOnDisk: Bx_cp_D_00013 0
FabOnDisk: Bx_cp_D_00015 0
FabOnDisk: Bx_cp_D_00001 0
FabOnDisk: Bx_cp_D_00016 0
FabOnDisk: Bx_cp_D_00001 188928
FabOnDisk: Bx_cp_D_00002 0
FabOnDisk: Bx_cp_D_00002 188928
FabOnDisk: Bx_cp_D_00003 0
FabOnDisk: Bx_cp_D_00017 0
FabOnDisk: Bx_cp_D_00003 188928
FabOnDisk: Bx_cp_D_00018 0
FabOnDisk: Bx_cp_D_00020 0
FabOnDisk: Bx_cp_D_00019 0
FabOnDisk: Bx_cp_D_00021 0
FabOnDisk: Bx_cp_D_00022 0
FabOnDisk: Bx_cp_D_00024 0
FabOnDisk: Bx_cp_D_00004 0
FabOnDisk: Bx_cp_D_00025 0
FabOnDisk: Bx_cp_D_00004 188928
FabOnDisk: Bx_cp_D_00005 0
FabOnDisk: Bx_cp_D_00023 0
FabOnDisk: Bx_cp_D_00005 188928
FabOnDisk: Bx_cp_D_00026 0
FabOnDisk: Bx_cp_D_00006 0
FabOnDisk: Bx_cp_D_00027 0
FabOnDisk: Bx_cp_D_00029 0
FabOnDisk: Bx_cp_D_00028 0
FabOnDisk: Bx_cp_D_00030 0
FabOnDisk: Bx_cp_D_00006 188928
FabOnDisk: Bx_cp_D_00031 0
FabOnDisk: Bx_cp_D_00007 0
FabOnDisk: Bx_cp_D_00007 188928

((8, (64 11 52 0 1 12 0 1023)),(8, (8 7 6 5 4 3 2 1)))
