2
1
1
4
(40 0
((96,96,160) (160,127,191) (1,0,0))
((96,128,160) (160,159,191) (1,0,0))
((96,96,192) (160,127,223) (1,0,0))
((96,128,192) (160,159,223) (1,0,0))
((96,96,224) (160,127,255) (1,0,0))
((96,128,224) (160,159,255) (1,0,0))
((96,96,256) (160,127,287) (1,0,0))
((96,128,256) (160,159,287) (1,0,0))
((96,96,288) (160,127,319) (1,0,0))
((96,128,288) (160,159,319) (1,0,0))
((96,96,320) (160,127,351) (1,0,0))
((96,128,320) (160,159,351) (1,0,0))
((96,96,352) (160,127,383) (1,0,0))
((96,128,352) (160,159,383) (1,0,0))
((96,96,384) (160,127,415) (1,0,0))
((96,128,384) (160,159,415) (1,0,0))
((96,96,416) (160,127,447) (1,0,0))
((96,128,416) (160,159,447) (1,0,0))
((96,96,448) (160,127,479) (1,0,0))
((96,128,448) (160,159,479) (1,0,0))
((96,96,480) (160,127,511) (1,0,0))
((96,128,480) (160,159,511) (1,0,0))
((96,96,512) (160,127,543) (1,0,0))
((96,128,512) (160,159,543) (1,0,0))
((96,96,544) (160,127,575) (1,0,0))
((96,128,544) (160,159,575) (1,0,0))
((96,96,576) (160,127,607) (1,0,0))
((96,128,576) (160,159,607) (1,0,0))
((96,96,608) (160,127,639) (1,0,0))
((96,128,608) (160,159,639) (1,0,0))
((96,96,640) (160,127,671) (1,0,0))
((96,128,640) (160,159,671) (1,0,0))
((96,96,672) (160,127,703) (1,0,0))
((96,128,672) (160,159,703) (1,0,0))
((96,96,704) (160,127,735) (1,0,0))
((96,128,704) (160,159,735) (1,0,0))
((96,96,736) (160,127,767) (1,0,0))
((96,128,736) (160,159,767) (1,0,0))
((96,96,768) (160,127,799) (1,0,0))
((96,128,768) (160,159,799) (1,0,0))
)
40
FabOnDisk: Bx_fp_D_00008 0
FabOnDisk: Bx_fp_D_00000 0
FabOnDisk: Bx_fp_D_00009 0
FabOnDisk: Bx_fp_D_00000 934400
FabOnDisk: Bx_fp_D_00010 0
FabOnDisk: Bx_fp_D_00011 0
FabOnDisk: Bx_fp_D_00012 0
FabOnDisk: Bx_fp_D_00014 0
FabOnDisk: Bx_fp_D_00013 0
FabOnDisk: Bx_fp_D_00015 0
FabOnDisk: Bx_fp_D_00001 0
FabOnDisk: Bx_fp_D_00016 0
FabOnDisk: Bx_fp_D_00001 934400
FabOnDisk: Bx_fp_D_00002 0
FabOnDisk: Bx_fp_D_00002 934400
FabOnDisk: Bx_fp_D_00003 0
FabOnDisk: Bx_fp_D_00017 0
FabOnDisk: Bx_fp_D_00003 934400
FabOnDisk: Bx_fp_D_00018 0
FabOnDisk: Bx_fp_D_00020 0
FabOnDisk: Bx_fp_D_00019 0
FabOnDisk: Bx_fp_D_00021 0
FabOnDisk: Bx_fp_D_00022 0
FabOnDisk: Bx_fp_D_00024 0
FabOnDisk: Bx_fp_D_00004 0
FabOnDisk: Bx_fp_D_00025 0
FabOnDisk: Bx_fp_D_00004 934400
FabOnDisk: Bx_fp_D_00005 0
FabOnDisk: Bx_fp_D_00023 0
FabOnDisk: Bx_fp_D_00005 934400
FabOnDisk: Bx_fp_D_00026 0
FabOnDisk: Bx_fp_D_00006 0
FabOnDisk: Bx_fp_D_00027 0
FabOnDisk: Bx_fp_D_00029 0
FabOnDisk: Bx_fp_D_00028 0
FabOnDisk: Bx_fp_D_00030 0
FabOnDisk: Bx_fp_D_00006 934400
FabOnDisk: Bx_fp_D_00031 0
FabOnDisk: Bx_fp_D_00007 0
FabOnDisk: Bx_fp_D_00007 934400

((8, (64 11 52 0 1 12 0 1023)),(8, (8 7 6 5 4 3 2 1)))
