2
1
1
4
(40 0
((48,48,80) (79,64,95) (0,1,0))
((48,64,80) (79,80,95) (0,1,0))
((48,48,96) (79,64,111) (0,1,0))
((48,64,96) (79,80,111) (0,1,0))
((48,48,112) (79,64,127) (0,1,0))
((48,64,112) (79,80,127) (0,1,0))
((48,48,128) (79,64,143) (0,1,0))
((48,64,128) (79,80,143) (0,1,0))
((48,48,144) (79,64,159) (0,1,0))
((48,64,144) (79,80,159) (0,1,0))
((48,48,160) (79,64,175) (0,1,0))
((48,64,160) (79,80,175) (0,1,0))
((48,48,176) (79,64,191) (0,1,0))
((48,64,176) (79,80,191) (0,1,0))
((48,48,192) (79,64,207) (0,1,0))
((48,64,192) (79,80,207) (0,1,0))
((48,48,208) (79,64,223) (0,1,0))
((48,64,208) (79,80,223) (0,1,0))
((48,48,224) (79,64,239) (0,1,0))
((48,64,224) (79,80,239) (0,1,0))
((48,48,240) (79,64,255) (0,1,0))
((48,64,240) (79,80,255) (0,1,0))
((48,48,256) (79,64,271) (0,1,0))
((48,64,256) (79,80,271) (0,1,0))
((48,48,272) (79,64,287) (0,1,0))
((48,64,272) (79,80,287) (0,1,0))
((48,48,288) (79,64,303) (0,1,0))
((48,64,288) (79,80,303) (0,1,0))
((48,48,304) (79,64,319) (0,1,0))
((48,64,304) (79,80,319) (0,1,0))
((48,48,320) (79,64,335) (0,1,0))
((48,64,320) (79,80,335) (0,1,0))
((48,48,336) (79,64,351) (0,1,0))
((48,64,336) (79,80,351) (0,1,0))
((48,48,352) (79,64,367) (0,1,0))
((48,64,352) (79,80,367) (0,1,0))
((48,48,368) (79,64,383) (0,1,0))
((48,64,368) (79,80,383) (0,1,0))
((48,48,384) (79,64,399) (0,1,0))
((48,64,384) (79,80,399) (0,1,0))
)
40
FabOnDisk: By_cp_D_00008 0
FabOnDisk: By_cp_D_00000 0
FabOnDisk: By_cp_D_00009 0
FabOnDisk: By_cp_D_00000 192000
FabOnDisk: By_cp_D_00010 0
FabOnDisk: By_cp_D_00011 0
FabOnDisk: By_cp_D_00012 0
FabOnDisk: By_cp_D_00014 0
FabOnDisk: By_cp_D_00013 0
FabOnDisk: By_cp_D_00015 0
FabOnDisk: By_cp_D_00001 0
FabOnDisk: By_cp_D_00016 0
FabOnDisk: By_cp_D_00001 192000
FabOnDisk: By_cp_D_00002 0
FabOnDisk: By_cp_D_00002 192000
FabOnDisk: By_cp_D_00003 0
FabOnDisk: By_cp_D_00017 0
FabOnDisk: By_cp_D_00003 192000
FabOnDisk: By_cp_D_00018 0
FabOnDisk: By_cp_D_00020 0
FabOnDisk: By_cp_D_00019 0
FabOnDisk: By_cp_D_00021 0
FabOnDisk: By_cp_D_00022 0
FabOnDisk: By_cp_D_00024 0
FabOnDisk: By_cp_D_00004 0
FabOnDisk: By_cp_D_00025 0
FabOnDisk: By_cp_D_00004 192000
FabOnDisk: By_cp_D_00005 0
FabOnDisk: By_cp_D_00023 0
FabOnDisk: By_cp_D_00005 192000
FabOnDisk: By_cp_D_00026 0
FabOnDisk: By_cp_D_00006 0
FabOnDisk: By_cp_D_00027 0
FabOnDisk: By_cp_D_00029 0
FabOnDisk: By_cp_D_00028 0
FabOnDisk: By_cp_D_00030 0
FabOnDisk: By_cp_D_00006 192000
FabOnDisk: By_cp_D_00031 0
FabOnDisk: By_cp_D_00007 0
FabOnDisk: By_cp_D_00007 192000

((8, (64 11 52 0 1 12 0 1023)),(8, (8 7 6 5 4 3 2 1)))
