2
1
1
4
(40 0
((96,96,160) (159,128,191) (0,1,0))
((96,128,160) (159,160,191) (0,1,0))
((96,96,192) (159,128,223) (0,1,0))
((96,128,192) (159,160,223) (0,1,0))
((96,96,224) (159,128,255) (0,1,0))
((96,128,224) (159,160,255) (0,1,0))
((96,96,256) (159,128,287) (0,1,0))
((96,128,256) (159,160,287) (0,1,0))
((96,96,288) (159,128,319) (0,1,0))
((96,128,288) (159,160,319) (0,1,0))
((96,96,320) (159,128,351) (0,1,0))
((96,128,320) (159,160,351) (0,1,0))
((96,96,352) (159,128,383) (0,1,0))
((96,128,352) (159,160,383) (0,1,0))
((96,96,384) (159,128,415) (0,1,0))
((96,128,384) (159,160,415) (0,1,0))
((96,96,416) (159,128,447) (0,1,0))
((96,128,416) (159,160,447) (0,1,0))
((96,96,448) (159,128,479) (0,1,0))
((96,128,448) (159,160,479) (0,1,0))
((96,96,480) (159,128,511) (0,1,0))
((96,128,480) (159,160,511) (0,1,0))
((96,96,512) (159,128,543) (0,1,0))
((96,128,512) (159,160,543) (0,1,0))
((96,96,544) (159,128,575) (0,1,0))
((96,128,544) (159,160,575) (0,1,0))
((96,96,576) (159,128,607) (0,1,0))
((96,128,576) (159,160,607) (0,1,0))
((96,96,608) (159,128,639) (0,1,0))
((96,128,608) (159,160,639) (0,1,0))
((96,96,640) (159,128,671) (0,1,0))
((96,128,640) (159,160,671) (0,1,0))
((96,96,672) (159,128,703) (0,1,0))
((96,128,672) (159,160,703) (0,1,0))
((96,96,704) (159,128,735) (0,1,0))
((96,128,704) (159,160,735) (0,1,0))
((96,96,736) (159,128,767) (0,1,0))
((96,128,736) (159,160,767) (0,1,0))
((96,96,768) (159,128,799) (0,1,0))
((96,128,768) (159,160,799) (0,1,0))
)
40
FabOnDisk: By_fp_D_00008 0
FabOnDisk: By_fp_D_00000 0
FabOnDisk: By_fp_D_00009 0
FabOnDisk: By_fp_D_00000 944640
FabOnDisk: By_fp_D_00010 0
FabOnDisk: By_fp_D_00011 0
FabOnDisk: By_fp_D_00012 0
FabOnDisk: By_fp_D_00014 0
FabOnDisk: By_fp_D_00013 0
FabOnDisk: By_fp_D_00015 0
FabOnDisk: By_fp_D_00001 0
FabOnDisk: By_fp_D_00016 0
FabOnDisk: By_fp_D_00001 944640
FabOnDisk: By_fp_D_00002 0
FabOnDisk: By_fp_D_00002 944640
FabOnDisk: By_fp_D_00003 0
FabOnDisk: By_fp_D_00017 0
FabOnDisk: By_fp_D_00003 944640
FabOnDisk: By_fp_D_00018 0
FabOnDisk: By_fp_D_00020 0
FabOnDisk: By_fp_D_00019 0
FabOnDisk: By_fp_D_00021 0
FabOnDisk: By_fp_D_00022 0
FabOnDisk: By_fp_D_00024 0
FabOnDisk: By_fp_D_00004 0
FabOnDisk: By_fp_D_00025 0
FabOnDisk: By_fp_D_00004 944640
FabOnDisk: By_fp_D_00005 0
FabOnDisk: By_fp_D_00023 0
FabOnDisk: By_fp_D_00005 944640
FabOnDisk: By_fp_D_00026 0
FabOnDisk: By_fp_D_00006 0
FabOnDisk: By_fp_D_00027 0
FabOnDisk: By_fp_D_00029 0
FabOnDisk: By_fp_D_00028 0
FabOnDisk: By_fp_D_00030 0
FabOnDisk: By_fp_D_00006 944640
FabOnDisk: By_fp_D_00031 0
FabOnDisk: By_fp_D_00007 0
FabOnDisk: By_fp_D_00007 944640

((8, (64 11 52 0 1 12 0 1023)),(8, (8 7 6 5 4 3 2 1)))
