2
1
1
4
(40 0
((48,48,80) (79,63,96) (0,0,1))
((48,64,80) (79,79,96) (0,0,1))
((48,48,96) (79,63,112) (0,0,1))
((48,64,96) (79,79,112) (0,0,1))
((48,48,112) (79,63,128) (0,0,1))
((48,64,112) (79,79,128) (0,0,1))
((48,48,128) (79,63,144) (0,0,1))
((48,64,128) (79,79,144) (0,0,1))
((48,48,144) (79,63,160) (0,0,1))
((48,64,144) (79,79,160) (0,0,1))
((48,48,160) (79,63,176) (0,0,1))
((48,64,160) (79,79,176) (0,0,1))
((48,48,176) (79,63,192) (0,0,1))
((48,64,176) (79,79,192) (0,0,1))
((48,48,192) (79,63,208) (0,0,1))
((48,64,192) (79,79,208) (0,0,1))
((48,48,208) (79,63,224) (0,0,1))
((48,64,208) (79,79,224) (0,0,1))
((48,48,224) (79,63,240) (0,0,1))
((48,64,224) (79,79,240) (0,0,1))
((48,48,240) (79,63,256) (0,0,1))
((48,64,240) (79,79,256) (0,0,1))
((48,48,256) (79,63,272) (0,0,1))
((48,64,256) (79,79,272) (0,0,1))
((48,48,272) (79,63,288) (0,0,1))
((48,64,272) (79,79,288) (0,0,1))
((48,48,288) (79,63,304) (0,0,1))
((48,64,288) (79,79,304) (0,0,1))
((48,48,304) (79,63,320) (0,0,1))
((48,64,304) (79,79,320) (0,0,1))
((48,48,320) (79,63,336) (0,0,1))
((48,64,320) (79,79,336) (0,0,1))
((48,48,336) (79,63,352) (0,0,1))
((48,64,336) (79,79,352) (0,0,1))
((48,48,352) (79,63,368) (0,0,1))
((48,64,352) (79,79,368) (0,0,1))
((48,48,368) (79,63,384) (0,0,1))
((48,64,368) (79,79,384) (0,0,1))
((48,48,384) (79,63,400) (0,0,1))
((48,64,384) (79,79,400) (0,0,1))
)
40
FabOnDisk: Bz_cp_D_00008 0
FabOnDisk: Bz_cp_D_00000 0
FabOnDisk: Bz_cp_D_00009 0
FabOnDisk: Bz_cp_D_00000 192000
FabOnDisk: Bz_cp_D_00010 0
FabOnDisk: Bz_cp_D_00011 0
FabOnDisk: Bz_cp_D_00012 0
FabOnDisk: Bz_cp_D_00014 0
FabOnDisk: Bz_cp_D_00013 0
FabOnDisk: Bz_cp_D_00015 0
FabOnDisk: Bz_cp_D_00001 0
FabOnDisk: Bz_cp_D_00016 0
FabOnDisk: Bz_cp_D_00001 192000
FabOnDisk: Bz_cp_D_00002 0
FabOnDisk: Bz_cp_D_00002 192000
FabOnDisk: Bz_cp_D_00003 0
FabOnDisk: Bz_cp_D_00017 0
FabOnDisk: Bz_cp_D_00003 192000
FabOnDisk: Bz_cp_D_00018 0
FabOnDisk: Bz_cp_D_00020 0
FabOnDisk: Bz_cp_D_00019 0
FabOnDisk: Bz_cp_D_00021 0
FabOnDisk: Bz_cp_D_00022 0
FabOnDisk: Bz_cp_D_00024 0
FabOnDisk: Bz_cp_D_00004 0
FabOnDisk: Bz_cp_D_00025 0
FabOnDisk: Bz_cp_D_00004 192000
FabOnDisk: Bz_cp_D_00005 0
FabOnDisk: Bz_cp_D_00023 0
FabOnDisk: Bz_cp_D_00005 192000
FabOnDisk: Bz_cp_D_00026 0
FabOnDisk: Bz_cp_D_00006 0
FabOnDisk: Bz_cp_D_00027 0
FabOnDisk: Bz_cp_D_00029 0
FabOnDisk: Bz_cp_D_00028 0
FabOnDisk: Bz_cp_D_00030 0
FabOnDisk: Bz_cp_D_00006 192000
FabOnDisk: Bz_cp_D_00031 0
FabOnDisk: Bz_cp_D_00007 0
FabOnDisk: Bz_cp_D_00007 192000

((8, (64 11 52 0 1 12 0 1023)),(8, (8 7 6 5 4 3 2 1)))
