2
1
1
4
(40 0
((96,96,160) (159,127,192) (0,0,1))
((96,128,160) (159,159,192) (0,0,1))
((96,96,192) (159,127,224) (0,0,1))
((96,128,192) (159,159,224) (0,0,1))
((96,96,224) (159,127,256) (0,0,1))
((96,128,224) (159,159,256) (0,0,1))
((96,96,256) (159,127,288) (0,0,1))
((96,128,256) (159,159,288) (0,0,1))
((96,96,288) (159,127,320) (0,0,1))
((96,128,288) (159,159,320) (0,0,1))
((96,96,320) (159,127,352) (0,0,1))
((96,128,320) (159,159,352) (0,0,1))
((96,96,352) (159,127,384) (0,0,1))
((96,128,352) (159,159,384) (0,0,1))
((96,96,384) (159,127,416) (0,0,1))
((96,128,384) (159,159,416) (0,0,1))
((96,96,416) (159,127,448) (0,0,1))
((96,128,416) (159,159,448) (0,0,1))
((96,96,448) (159,127,480) (0,0,1))
((96,128,448) (159,159,480) (0,0,1))
((96,96,480) (159,127,512) (0,0,1))
((96,128,480) (159,159,512) (0,0,1))
((96,96,512) (159,127,544) (0,0,1))
((96,128,512) (159,159,544) (0,0,1))
((96,96,544) (159,127,576) (0,0,1))
((96,128,544) (159,159,576) (0,0,1))
((96,96,576) (159,127,608) (0,0,1))
((96,128,576) (159,159,608) (0,0,1))
((96,96,608) (159,127,640) (0,0,1))
((96,128,608) (159,159,640) (0,0,1))
((96,96,640) (159,127,672) (0,0,1))
((96,128,640) (159,159,672) (0,0,1))
((96,96,672) (159,127,704) (0,0,1))
((96,128,672) (159,159,704) (0,0,1))
((96,96,704) (159,127,736) (0,0,1))
((96,128,704) (159,159,736) (0,0,1))
((96,96,736) (159,127,768) (0,0,1))
((96,128,736) (159,159,768) (0,0,1))
((96,96,768) (159,127,800) (0,0,1))
((96,128,768) (159,159,800) (0,0,1))
)
40
FabOnDisk: Bz_fp_D_00008 0
FabOnDisk: Bz_fp_D_00000 0
FabOnDisk: Bz_fp_D_00009 0
FabOnDisk: Bz_fp_D_00000 944640
FabOnDisk: Bz_fp_D_00010 0
FabOnDisk: Bz_fp_D_00011 0
FabOnDisk: Bz_fp_D_00012 0
FabOnDisk: Bz_fp_D_00014 0
FabOnDisk: Bz_fp_D_00013 0
FabOnDisk: Bz_fp_D_00015 0
FabOnDisk: Bz_fp_D_00001 0
FabOnDisk: Bz_fp_D_00016 0
FabOnDisk: Bz_fp_D_00001 944640
FabOnDisk: Bz_fp_D_00002 0
FabOnDisk: Bz_fp_D_00002 944640
FabOnDisk: Bz_fp_D_00003 0
FabOnDisk: Bz_fp_D_00017 0
FabOnDisk: Bz_fp_D_00003 944640
FabOnDisk: Bz_fp_D_00018 0
FabOnDisk: Bz_fp_D_00020 0
FabOnDisk: Bz_fp_D_00019 0
FabOnDisk: Bz_fp_D_00021 0
FabOnDisk: Bz_fp_D_00022 0
FabOnDisk: Bz_fp_D_00024 0
FabOnDisk: Bz_fp_D_00004 0
FabOnDisk: Bz_fp_D_00025 0
FabOnDisk: Bz_fp_D_00004 944640
FabOnDisk: Bz_fp_D_00005 0
FabOnDisk: Bz_fp_D_00023 0
FabOnDisk: Bz_fp_D_00005 944640
FabOnDisk: Bz_fp_D_00026 0
FabOnDisk: Bz_fp_D_00006 0
FabOnDisk: Bz_fp_D_00027 0
FabOnDisk: Bz_fp_D_00029 0
FabOnDisk: Bz_fp_D_00028 0
FabOnDisk: Bz_fp_D_00030 0
FabOnDisk: Bz_fp_D_00006 944640
FabOnDisk: Bz_fp_D_00031 0
FabOnDisk: Bz_fp_D_00007 0
FabOnDisk: Bz_fp_D_00007 944640

((8, (64 11 52 0 1 12 0 1023)),(8, (8 7 6 5 4 3 2 1)))
