2
1
1
4
(40 0
((48,48,80) (79,64,96) (0,1,1))
((48,64,80) (79,80,96) (0,1,1))
((48,48,96) (79,64,112) (0,1,1))
((48,64,96) (79,80,112) (0,1,1))
((48,48,112) (79,64,128) (0,1,1))
((48,64,112) (79,80,128) (0,1,1))
((48,48,128) (79,64,144) (0,1,1))
((48,64,128) (79,80,144) (0,1,1))
((48,48,144) (79,64,160) (0,1,1))
((48,64,144) (79,80,160) (0,1,1))
((48,48,160) (79,64,176) (0,1,1))
((48,64,160) (79,80,176) (0,1,1))
((48,48,176) (79,64,192) (0,1,1))
((48,64,176) (79,80,192) (0,1,1))
((48,48,192) (79,64,208) (0,1,1))
((48,64,192) (79,80,208) (0,1,1))
((48,48,208) (79,64,224) (0,1,1))
((48,64,208) (79,80,224) (0,1,1))
((48,48,224) (79,64,240) (0,1,1))
((48,64,224) (79,80,240) (0,1,1))
((48,48,240) (79,64,256) (0,1,1))
((48,64,240) (79,80,256) (0,1,1))
((48,48,256) (79,64,272) (0,1,1))
((48,64,256) (79,80,272) (0,1,1))
((48,48,272) (79,64,288) (0,1,1))
((48,64,272) (79,80,288) (0,1,1))
((48,48,288) (79,64,304) (0,1,1))
((48,64,288) (79,80,304) (0,1,1))
((48,48,304) (79,64,320) (0,1,1))
((48,64,304) (79,80,320) (0,1,1))
((48,48,320) (79,64,336) (0,1,1))
((48,64,320) (79,80,336) (0,1,1))
((48,48,336) (79,64,352) (0,1,1))
((48,64,336) (79,80,352) (0,1,1))
((48,48,352) (79,64,368) (0,1,1))
((48,64,352) (79,80,368) (0,1,1))
((48,48,368) (79,64,384) (0,1,1))
((48,64,368) (79,80,384) (0,1,1))
((48,48,384) (79,64,400) (0,1,1))
((48,64,384) (79,80,400) (0,1,1))
)
40
FabOnDisk: Ex_cp_D_00008 0
FabOnDisk: Ex_cp_D_00000 0
FabOnDisk: Ex_cp_D_00009 0
FabOnDisk: Ex_cp_D_00000 200000
FabOnDisk: Ex_cp_D_00010 0
FabOnDisk: Ex_cp_D_00011 0
FabOnDisk: Ex_cp_D_00012 0
FabOnDisk: Ex_cp_D_00014 0
FabOnDisk: Ex_cp_D_00013 0
FabOnDisk: Ex_cp_D_00015 0
FabOnDisk: Ex_cp_D_00001 0
FabOnDisk: Ex_cp_D_00016 0
FabOnDisk: Ex_cp_D_00001 200000
FabOnDisk: Ex_cp_D_00002 0
FabOnDisk: Ex_cp_D_00002 200000
FabOnDisk: Ex_cp_D_00003 0
FabOnDisk: Ex_cp_D_00017 0
FabOnDisk: Ex_cp_D_00003 200000
FabOnDisk: Ex_cp_D_00018 0
FabOnDisk: Ex_cp_D_00020 0
FabOnDisk: Ex_cp_D_00019 0
FabOnDisk: Ex_cp_D_00021 0
FabOnDisk: Ex_cp_D_00022 0
FabOnDisk: Ex_cp_D_00024 0
FabOnDisk: Ex_cp_D_00004 0
FabOnDisk: Ex_cp_D_00025 0
FabOnDisk: Ex_cp_D_00004 200000
FabOnDisk: Ex_cp_D_00005 0
FabOnDisk: Ex_cp_D_00023 0
FabOnDisk: Ex_cp_D_00005 200000
FabOnDisk: Ex_cp_D_00026 0
FabOnDisk: Ex_cp_D_00006 0
FabOnDisk: Ex_cp_D_00027 0
FabOnDisk: Ex_cp_D_00029 0
FabOnDisk: Ex_cp_D_00028 0
FabOnDisk: Ex_cp_D_00030 0
FabOnDisk: Ex_cp_D_00006 200000
FabOnDisk: Ex_cp_D_00031 0
FabOnDisk: Ex_cp_D_00007 0
FabOnDisk: Ex_cp_D_00007 200000

((8, (64 11 52 0 1 12 0 1023)),(8, (8 7 6 5 4 3 2 1)))
