2
1
1
4
(40 0
((96,96,160) (159,128,192) (0,1,1))
((96,128,160) (159,160,192) (0,1,1))
((96,96,192) (159,128,224) (0,1,1))
((96,128,192) (159,160,224) (0,1,1))
((96,96,224) (159,128,256) (0,1,1))
((96,128,224) (159,160,256) (0,1,1))
((96,96,256) (159,128,288) (0,1,1))
((96,128,256) (159,160,288) (0,1,1))
((96,96,288) (159,128,320) (0,1,1))
((96,128,288) (159,160,320) (0,1,1))
((96,96,320) (159,128,352) (0,1,1))
((96,128,320) (159,160,352) (0,1,1))
((96,96,352) (159,128,384) (0,1,1))
((96,128,352) (159,160,384) (0,1,1))
((96,96,384) (159,128,416) (0,1,1))
((96,128,384) (159,160,416) (0,1,1))
((96,96,416) (159,128,448) (0,1,1))
((96,128,416) (159,160,448) (0,1,1))
((96,96,448) (159,128,480) (0,1,1))
((96,128,448) (159,160,480) (0,1,1))
((96,96,480) (159,128,512) (0,1,1))
((96,128,480) (159,160,512) (0,1,1))
((96,96,512) (159,128,544) (0,1,1))
((96,128,512) (159,160,544) (0,1,1))
((96,96,544) (159,128,576) (0,1,1))
((96,128,544) (159,160,576) (0,1,1))
((96,96,576) (159,128,608) (0,1,1))
((96,128,576) (159,160,608) (0,1,1))
((96,96,608) (159,128,640) (0,1,1))
((96,128,608) (159,160,640) (0,1,1))
((96,96,640) (159,128,672) (0,1,1))
((96,128,640) (159,160,672) (0,1,1))
((96,96,672) (159,128,704) (0,1,1))
((96,128,672) (159,160,704) (0,1,1))
((96,96,704) (159,128,736) (0,1,1))
((96,128,704) (159,160,736) (0,1,1))
((96,96,736) (159,128,768) (0,1,1))
((96,128,736) (159,160,768) (0,1,1))
((96,96,768) (159,128,800) (0,1,1))
((96,128,768) (159,160,800) (0,1,1))
)
40
FabOnDisk: Ex_fp_D_00008 0
FabOnDisk: Ex_fp_D_00000 0
FabOnDisk: Ex_fp_D_00009 0
FabOnDisk: Ex_fp_D_00000 968256
FabOnDisk: Ex_fp_D_00010 0
FabOnDisk: Ex_fp_D_00011 0
FabOnDisk: Ex_fp_D_00012 0
FabOnDisk: Ex_fp_D_00014 0
FabOnDisk: Ex_fp_D_00013 0
FabOnDisk: Ex_fp_D_00015 0
FabOnDisk: Ex_fp_D_00001 0
FabOnDisk: Ex_fp_D_00016 0
FabOnDisk: Ex_fp_D_00001 968256
FabOnDisk: Ex_fp_D_00002 0
FabOnDisk: Ex_fp_D_00002 968256
FabOnDisk: Ex_fp_D_00003 0
FabOnDisk: Ex_fp_D_00017 0
FabOnDisk: Ex_fp_D_00003 968256
FabOnDisk: Ex_fp_D_00018 0
FabOnDisk: Ex_fp_D_00020 0
FabOnDisk: Ex_fp_D_00019 0
FabOnDisk: Ex_fp_D_00021 0
FabOnDisk: Ex_fp_D_00022 0
FabOnDisk: Ex_fp_D_00024 0
FabOnDisk: Ex_fp_D_00004 0
FabOnDisk: Ex_fp_D_00025 0
FabOnDisk: Ex_fp_D_00004 968256
FabOnDisk: Ex_fp_D_00005 0
FabOnDisk: Ex_fp_D_00023 0
FabOnDisk: Ex_fp_D_00005 968256
FabOnDisk: Ex_fp_D_00026 0
FabOnDisk: Ex_fp_D_00006 0
FabOnDisk: Ex_fp_D_00027 0
FabOnDisk: Ex_fp_D_00029 0
FabOnDisk: Ex_fp_D_00028 0
FabOnDisk: Ex_fp_D_00030 0
FabOnDisk: Ex_fp_D_00006 968256
FabOnDisk: Ex_fp_D_00031 0
FabOnDisk: Ex_fp_D_00007 0
FabOnDisk: Ex_fp_D_00007 968256

((8, (64 11 52 0 1 12 0 1023)),(8, (8 7 6 5 4 3 2 1)))
