2
1
1
4
(40 0
((48,48,80) (80,63,96) (1,0,1))
((48,64,80) (80,79,96) (1,0,1))
((48,48,96) (80,63,112) (1,0,1))
((48,64,96) (80,79,112) (1,0,1))
((48,48,112) (80,63,128) (1,0,1))
((48,64,112) (80,79,128) (1,0,1))
((48,48,128) (80,63,144) (1,0,1))
((48,64,128) (80,79,144) (1,0,1))
((48,48,144) (80,63,160) (1,0,1))
((48,64,144) (80,79,160) (1,0,1))
((48,48,160) (80,63,176) (1,0,1))
((48,64,160) (80,79,176) (1,0,1))
((48,48,176) (80,63,192) (1,0,1))
((48,64,176) (80,79,192) (1,0,1))
((48,48,192) (80,63,208) (1,0,1))
((48,64,192) (80,79,208) (1,0,1))
((48,48,208) (80,63,224) (1,0,1))
((48,64,208) (80,79,224) (1,0,1))
((48,48,224) (80,63,240) (1,0,1))
((48,64,224) (80,79,240) (1,0,1))
((48,48,240) (80,63,256) (1,0,1))
((48,64,240) (80,79,256) (1,0,1))
((48,48,256) (80,63,272) (1,0,1))
((48,64,256) (80,79,272) (1,0,1))
((48,48,272) (80,63,288) (1,0,1))
((48,64,272) (80,79,288) (1,0,1))
((48,48,288) (80,63,304) (1,0,1))
((48,64,288) (80,79,304) (1,0,1))
((48,48,304) (80,63,320) (1,0,1))
((48,64,304) (80,79,320) (1,0,1))
((48,48,320) (80,63,336) (1,0,1))
((48,64,320) (80,79,336) (1,0,1))
((48,48,336) (80,63,352) (1,0,1))
((48,64,336) (80,79,352) (1,0,1))
((48,48,352) (80,63,368) (1,0,1))
((48,64,352) (80,79,368) (1,0,1))
((48,48,368) (80,63,384) (1,0,1))
((48,64,368) (80,79,384) (1,0,1))
((48,48,384) (80,63,400) (1,0,1))
((48,64,384) (80,79,400) (1,0,1))
)
40
FabOnDisk: Ey_cp_D_00008 0
FabOnDisk: Ey_cp_D_00000 0
FabOnDisk: Ey_cp_D_00009 0
FabOnDisk: Ey_cp_D_00000 196800
FabOnDisk: Ey_cp_D_00010 0
FabOnDisk: Ey_cp_D_00011 0
FabOnDisk: Ey_cp_D_00012 0
FabOnDisk: Ey_cp_D_00014 0
FabOnDisk: Ey_cp_D_00013 0
FabOnDisk: Ey_cp_D_00015 0
FabOnDisk: Ey_cp_D_00001 0
FabOnDisk: Ey_cp_D_00016 0
FabOnDisk: Ey_cp_D_00001 196800
FabOnDisk: Ey_cp_D_00002 0
FabOnDisk: Ey_cp_D_00002 196800
FabOnDisk: Ey_cp_D_00003 0
FabOnDisk: Ey_cp_D_00017 0
FabOnDisk: Ey_cp_D_00003 196800
FabOnDisk: Ey_cp_D_00018 0
FabOnDisk: Ey_cp_D_00020 0
FabOnDisk: Ey_cp_D_00019 0
FabOnDisk: Ey_cp_D_00021 0
FabOnDisk: Ey_cp_D_00022 0
FabOnDisk: Ey_cp_D_00024 0
FabOnDisk: Ey_cp_D_00004 0
FabOnDisk: Ey_cp_D_00025 0
FabOnDisk: Ey_cp_D_00004 196800
FabOnDisk: Ey_cp_D_00005 0
FabOnDisk: Ey_cp_D_00023 0
FabOnDisk: Ey_cp_D_00005 196800
FabOnDisk: Ey_cp_D_00026 0
FabOnDisk: Ey_cp_D_00006 0
FabOnDisk: Ey_cp_D_00027 0
FabOnDisk: Ey_cp_D_00029 0
FabOnDisk: Ey_cp_D_00028 0
FabOnDisk: Ey_cp_D_00030 0
FabOnDisk: Ey_cp_D_00006 196800
FabOnDisk: Ey_cp_D_00031 0
FabOnDisk: Ey_cp_D_00007 0
FabOnDisk: Ey_cp_D_00007 196800

((8, (64 11 52 0 1 12 0 1023)),(8, (8 7 6 5 4 3 2 1)))
