2
1
1
5
(40 0
((96,96,160) (160,127,192) (1,0,1))
((96,128,160) (160,159,192) (1,0,1))
((96,96,192) (160,127,224) (1,0,1))
((96,128,192) (160,159,224) (1,0,1))
((96,96,224) (160,127,256) (1,0,1))
((96,128,224) (160,159,256) (1,0,1))
((96,96,256) (160,127,288) (1,0,1))
((96,128,256) (160,159,288) (1,0,1))
((96,96,288) (160,127,320) (1,0,1))
((96,128,288) (160,159,320) (1,0,1))
((96,96,320) (160,127,352) (1,0,1))
((96,128,320) (160,159,352) (1,0,1))
((96,96,352) (160,127,384) (1,0,1))
((96,128,352) (160,159,384) (1,0,1))
((96,96,384) (160,127,416) (1,0,1))
((96,128,384) (160,159,416) (1,0,1))
((96,96,416) (160,127,448) (1,0,1))
((96,128,416) (160,159,448) (1,0,1))
((96,96,448) (160,127,480) (1,0,1))
((96,128,448) (160,159,480) (1,0,1))
((96,96,480) (160,127,512) (1,0,1))
((96,128,480) (160,159,512) (1,0,1))
((96,96,512) (160,127,544) (1,0,1))
((96,128,512) (160,159,544) (1,0,1))
((96,96,544) (160,127,576) (1,0,1))
((96,128,544) (160,159,576) (1,0,1))
((96,96,576) (160,127,608) (1,0,1))
((96,128,576) (160,159,608) (1,0,1))
((96,96,608) (160,127,640) (1,0,1))
((96,128,608) (160,159,640) (1,0,1))
((96,96,640) (160,127,672) (1,0,1))
((96,128,640) (160,159,672) (1,0,1))
((96,96,672) (160,127,704) (1,0,1))
((96,128,672) (160,159,704) (1,0,1))
((96,96,704) (160,127,736) (1,0,1))
((96,128,704) (160,159,736) (1,0,1))
((96,96,736) (160,127,768) (1,0,1))
((96,128,736) (160,159,768) (1,0,1))
((96,96,768) (160,127,800) (1,0,1))
((96,128,768) (160,159,800) (1,0,1))
)
40
FabOnDisk: jy_fp_D_00008 0
FabOnDisk: jy_fp_D_00000 0
FabOnDisk: jy_fp_D_00009 0
FabOnDisk: jy_fp_D_00000 1083600
FabOnDisk: jy_fp_D_00010 0
FabOnDisk: jy_fp_D_00011 0
FabOnDisk: jy_fp_D_00012 0
FabOnDisk: jy_fp_D_00014 0
FabOnDisk: jy_fp_D_00013 0
FabOnDisk: jy_fp_D_00015 0
FabOnDisk: jy_fp_D_00001 0
FabOnDisk: jy_fp_D_00016 0
FabOnDisk: jy_fp_D_00001 1083600
FabOnDisk: jy_fp_D_00002 0
FabOnDisk: jy_fp_D_00002 1083600
FabOnDisk: jy_fp_D_00003 0
FabOnDisk: jy_fp_D_00017 0
FabOnDisk: jy_fp_D_00003 1083600
FabOnDisk: jy_fp_D_00018 0
FabOnDisk: jy_fp_D_00020 0
FabOnDisk: jy_fp_D_00019 0
FabOnDisk: jy_fp_D_00021 0
FabOnDisk: jy_fp_D_00022 0
FabOnDisk: jy_fp_D_00024 0
FabOnDisk: jy_fp_D_00004 0
FabOnDisk: jy_fp_D_00025 0
FabOnDisk: jy_fp_D_00004 1083600
FabOnDisk: jy_fp_D_00005 0
FabOnDisk: jy_fp_D_00023 0
FabOnDisk: jy_fp_D_00005 1083600
FabOnDisk: jy_fp_D_00026 0
FabOnDisk: jy_fp_D_00006 0
FabOnDisk: jy_fp_D_00027 0
FabOnDisk: jy_fp_D_00029 0
FabOnDisk: jy_fp_D_00028 0
FabOnDisk: jy_fp_D_00030 0
FabOnDisk: jy_fp_D_00006 1083600
FabOnDisk: jy_fp_D_00031 0
FabOnDisk: jy_fp_D_00007 0
FabOnDisk: jy_fp_D_00007 1083600

((8, (64 11 52 0 1 12 0 1023)),(8, (8 7 6 5 4 3 2 1)))
