2
1
1
5
(40 0
((48,48,80) (80,64,95) (1,1,0))
((48,64,80) (80,80,95) (1,1,0))
((48,48,96) (80,64,111) (1,1,0))
((48,64,96) (80,80,111) (1,1,0))
((48,48,112) (80,64,127) (1,1,0))
((48,64,112) (80,80,127) (1,1,0))
((48,48,128) (80,64,143) (1,1,0))
((48,64,128) (80,80,143) (1,1,0))
((48,48,144) (80,64,159) (1,1,0))
((48,64,144) (80,80,159) (1,1,0))
((48,48,160) (80,64,175) (1,1,0))
((48,64,160) (80,80,175) (1,1,0))
((48,48,176) (80,64,191) (1,1,0))
((48,64,176) (80,80,191) (1,1,0))
((48,48,192) (80,64,207) (1,1,0))
((48,64,192) (80,80,207) (1,1,0))
((48,48,208) (80,64,223) (1,1,0))
((48,64,208) (80,80,223) (1,1,0))
((48,48,224) (80,64,239) (1,1,0))
((48,64,224) (80,80,239) (1,1,0))
((48,48,240) (80,64,255) (1,1,0))
((48,64,240) (80,80,255) (1,1,0))
((48,48,256) (80,64,271) (1,1,0))
((48,64,256) (80,80,271) (1,1,0))
((48,48,272) (80,64,287) (1,1,0))
((48,64,272) (80,80,287) (1,1,0))
((48,48,288) (80,64,303) (1,1,0))
((48,64,288) (80,80,303) (1,1,0))
((48,48,304) (80,64,319) (1,1,0))
((48,64,304) (80,80,319) (1,1,0))
((48,48,320) (80,64,335) (1,1,0))
((48,64,320) (80,80,335) (1,1,0))
((48,48,336) (80,64,351) (1,1,0))
((48,64,336) (80,80,351) (1,1,0))
((48,48,352) (80,64,367) (1,1,0))
((48,64,352) (80,80,367) (1,1,0))
((48,48,368) (80,64,383) (1,1,0))
((48,64,368) (80,80,383) (1,1,0))
((48,48,384) (80,64,399) (1,1,0))
((48,64,384) (80,80,399) (1,1,0))
)
40
FabOnDisk: jz_cp_D_00008 0
FabOnDisk: jz_cp_D_00000 0
FabOnDisk: jz_cp_D_00009 0
FabOnDisk: jz_cp_D_00000 241488
FabOnDisk: jz_cp_D_00010 0
FabOnDisk: jz_cp_D_00011 0
FabOnDisk: jz_cp_D_00012 0
FabOnDisk: jz_cp_D_00014 0
FabOnDisk: jz_cp_D_00013 0
FabOnDisk: jz_cp_D_00015 0
FabOnDisk: jz_cp_D_00001 0
FabOnDisk: jz_cp_D_00016 0
FabOnDisk: jz_cp_D_00001 241488
FabOnDisk: jz_cp_D_00002 0
FabOnDisk: jz_cp_D_00002 241488
FabOnDisk: jz_cp_D_00003 0
FabOnDisk: jz_cp_D_00017 0
FabOnDisk: jz_cp_D_00003 241488
FabOnDisk: jz_cp_D_00018 0
FabOnDisk: jz_cp_D_00020 0
FabOnDisk: jz_cp_D_00019 0
FabOnDisk: jz_cp_D_00021 0
FabOnDisk: jz_cp_D_00022 0
FabOnDisk: jz_cp_D_00024 0
FabOnDisk: jz_cp_D_00004 0
FabOnDisk: jz_cp_D_00025 0
FabOnDisk: jz_cp_D_00004 241488
FabOnDisk: jz_cp_D_00005 0
FabOnDisk: jz_cp_D_00023 0
FabOnDisk: jz_cp_D_00005 241488
FabOnDisk: jz_cp_D_00026 0
FabOnDisk: jz_cp_D_00006 0
FabOnDisk: jz_cp_D_00027 0
FabOnDisk: jz_cp_D_00029 0
FabOnDisk: jz_cp_D_00028 0
FabOnDisk: jz_cp_D_00030 0
FabOnDisk: jz_cp_D_00006 241488
FabOnDisk: jz_cp_D_00031 0
FabOnDisk: jz_cp_D_00007 0
FabOnDisk: jz_cp_D_00007 241488

((8, (64 11 52 0 1 12 0 1023)),(8, (8 7 6 5 4 3 2 1)))
