2
1
1
5
(40 0
((96,96,160) (160,128,191) (1,1,0))
((96,128,160) (160,160,191) (1,1,0))
((96,96,192) (160,128,223) (1,1,0))
((96,128,192) (160,160,223) (1,1,0))
((96,96,224) (160,128,255) (1,1,0))
((96,128,224) (160,160,255) (1,1,0))
((96,96,256) (160,128,287) (1,1,0))
((96,128,256) (160,160,287) (1,1,0))
((96,96,288) (160,128,319) (1,1,0))
((96,128,288) (160,160,319) (1,1,0))
((96,96,320) (160,128,351) (1,1,0))
((96,128,320) (160,160,351) (1,1,0))
((96,96,352) (160,128,383) (1,1,0))
((96,128,352) (160,160,383) (1,1,0))
((96,96,384) (160,128,415) (1,1,0))
((96,128,384) (160,160,415) (1,1,0))
((96,96,416) (160,128,447) (1,1,0))
((96,128,416) (160,160,447) (1,1,0))
((96,96,448) (160,128,479) (1,1,0))
((96,128,448) (160,160,479) (1,1,0))
((96,96,480) (160,128,511) (1,1,0))
((96,128,480) (160,160,511) (1,1,0))
((96,96,512) (160,128,543) (1,1,0))
((96,128,512) (160,160,543) (1,1,0))
((96,96,544) (160,128,575) (1,1,0))
((96,128,544) (160,160,575) (1,1,0))
((96,96,576) (160,128,607) (1,1,0))
((96,128,576) (160,160,607) (1,1,0))
((96,96,608) (160,128,639) (1,1,0))
((96,128,608) (160,160,639) (1,1,0))
((96,96,640) (160,128,671) (1,1,0))
((96,128,640) (160,160,671) (1,1,0))
((96,96,672) (160,128,703) (1,1,0))
((96,128,672) (160,160,703) (1,1,0))
((96,96,704) (160,128,735) (1,1,0))
((96,128,704) (160,160,735) (1,1,0))
((96,96,736) (160,128,767) (1,1,0))
((96,128,736) (160,160,767) (1,1,0))
((96,96,768) (160,128,799) (1,1,0))
((96,128,768) (160,160,799) (1,1,0))
)
40
FabOnDisk: jz_fp_D_00008 0
FabOnDisk: jz_fp_D_00000 0
FabOnDisk: jz_fp_D_00009 0
FabOnDisk: jz_fp_D_00000 1083600
FabOnDisk: jz_fp_D_00010 0
FabOnDisk: jz_fp_D_00011 0
FabOnDisk: jz_fp_D_00012 0
FabOnDisk: jz_fp_D_00014 0
FabOnDisk: jz_fp_D_00013 0
FabOnDisk: jz_fp_D_00015 0
FabOnDisk: jz_fp_D_00001 0
FabOnDisk: jz_fp_D_00016 0
FabOnDisk: jz_fp_D_00001 1083600
FabOnDisk: jz_fp_D_00002 0
FabOnDisk: jz_fp_D_00002 1083600
FabOnDisk: jz_fp_D_00003 0
FabOnDisk: jz_fp_D_00017 0
FabOnDisk: jz_fp_D_00003 1083600
FabOnDisk: jz_fp_D_00018 0
FabOnDisk: jz_fp_D_00020 0
FabOnDisk: jz_fp_D_00019 0
FabOnDisk: jz_fp_D_00021 0
FabOnDisk: jz_fp_D_00022 0
FabOnDisk: jz_fp_D_00024 0
FabOnDisk: jz_fp_D_00004 0
FabOnDisk: jz_fp_D_00025 0
FabOnDisk: jz_fp_D_00004 1083600
FabOnDisk: jz_fp_D_00005 0
FabOnDisk: jz_fp_D_00023 0
FabOnDisk: jz_fp_D_00005 1083600
FabOnDisk: jz_fp_D_00026 0
FabOnDisk: jz_fp_D_00006 0
FabOnDisk: jz_fp_D_00027 0
FabOnDisk: jz_fp_D_00029 0
FabOnDisk: jz_fp_D_00028 0
FabOnDisk: jz_fp_D_00030 0
FabOnDisk: jz_fp_D_00006 1083600
FabOnDisk: jz_fp_D_00031 0
FabOnDisk: jz_fp_D_00007 0
FabOnDisk: jz_fp_D_00007 1083600

((8, (64 11 52 0 1 12 0 1023)),(8, (8 7 6 5 4 3 2 1)))
