2
1
2
2
(124 0
((86,96,160) (95,127,192) (0,0,1))
((86,86,160) (169,95,192) (0,0,1))
((86,86,150) (169,127,160) (0,0,1))
((160,96,160) (169,127,192) (0,0,1))
((86,128,160) (95,159,192) (0,0,1))
((86,128,150) (169,169,160) (0,0,1))
((160,128,160) (169,159,192) (0,0,1))
((86,160,160) (169,169,192) (0,0,1))
((86,96,192) (95,127,224) (0,0,1))
((86,86,192) (169,95,224) (0,0,1))
((160,96,192) (169,127,224) (0,0,1))
((86,128,192) (95,159,224) (0,0,1))
((160,128,192) (169,159,224) (0,0,1))
((86,160,192) (169,169,224) (0,0,1))
((86,96,224) (95,127,256) (0,0,1))
((86,86,224) (169,95,256) (0,0,1))
((160,96,224) (169,127,256) (0,0,1))
((86,128,224) (95,159,256) (0,0,1))
((160,128,224) (169,159,256) (0,0,1))
((86,160,224) (169,169,256) (0,0,1))
((86,96,256) (95,127,288) (0,0,1))
((86,86,256) (169,95,288) (0,0,1))
((160,96,256) (169,127,288) (0,0,1))
((86,128,256) (95,159,288) (0,0,1))
((160,128,256) (169,159,288) (0,0,1))
((86,160,256) (169,169,288) (0,0,1))
((86,96,288) (95,127,320) (0,0,1))
((86,86,288) (169,95,320) (0,0,1))
((160,96,288) (169,127,320) (0,0,1))
((86,128,288) (95,159,320) (0,0,1))
((160,128,288) (169,159,320) (0,0,1))
((86,160,288) (169,169,320) (0,0,1))
((86,96,320) (95,127,352) (0,0,1))
((86,86,320) (169,95,352) (0,0,1))
((160,96,320) (169,127,352) (0,0,1))
((86,128,320) (95,159,352) (0,0,1))
((160,128,320) (169,159,352) (0,0,1))
((86,160,320) (169,169,352) (0,0,1))
((86,96,352) (95,127,384) (0,0,1))
((86,86,352) (169,95,384) (0,0,1))
((160,96,352) (169,127,384) (0,0,1))
((86,128,352) (95,159,384) (0,0,1))
((160,128,352) (169,159,384) (0,0,1))
((86,160,352) (169,169,384) (0,0,1))
((86,96,384) (95,127,416) (0,0,1))
((86,86,384) (169,95,416) (0,0,1))
((160,96,384) (169,127,416) (0,0,1))
((86,128,384) (95,159,416) (0,0,1))
((160,128,384) (169,159,416) (0,0,1))
((86,160,384) (169,169,416) (0,0,1))
((86,96,416) (95,127,448) (0,0,1))
((86,86,416) (169,95,448) (0,0,1))
((160,96,416) (169,127,448) (0,0,1))
((86,128,416) (95,159,448) (0,0,1))
((160,128,416) (169,159,448) (0,0,1))
((86,160,416) (169,169,448) (0,0,1))
((86,96,448) (95,127,480) (0,0,1))
((86,86,448) (169,95,480) (0,0,1))
((160,96,448) (169,127,480) (0,0,1))
((86,128,448) (95,159,480) (0,0,1))
((160,128,448) (169,159,480) (0,0,1))
((86,160,448) (169,169,480) (0,0,1))
((86,96,480) (95,127,512) (0,0,1))
((86,86,480) (169,95,512) (0,0,1))
((160,96,480) (169,127,512) (0,0,1))
((86,128,480) (95,159,512) (0,0,1))
((160,128,480) (169,159,512) (0,0,1))
((86,160,480) (169,169,512) (0,0,1))
((86,96,512) (95,127,544) (0,0,1))
((86,86,512) (169,95,544) (0,0,1))
((160,96,512) (169,127,544) (0,0,1))
((86,128,512) (95,159,544) (0,0,1))
((160,128,512) (169,159,544) (0,0,1))
((86,160,512) (169,169,544) (0,0,1))
((86,96,544) (95,127,576) (0,0,1))
((86,86,544) (169,95,576) (0,0,1))
((160,96,544) (169,127,576) (0,0,1))
((86,128,544) (95,159,576) (0,0,1))
((160,128,544) (169,159,576) (0,0,1))
((86,160,544) (169,169,576) (0,0,1))
((86,96,576) (95,127,608) (0,0,1))
((86,86,576) (169,95,608) (0,0,1))
((160,96,576) (169,127,608) (0,0,1))
((86,128,576) (95,159,608) (0,0,1))
((160,128,576) (169,159,608) (0,0,1))
((86,160,576) (169,169,608) (0,0,1))
((86,96,608) (95,127,640) (0,0,1))
((86,86,608) (169,95,640) (0,0,1))
((160,96,608) (169,127,640) (0,0,1))
((86,128,608) (95,159,640) (0,0,1))
((160,128,608) (169,159,640) (0,0,1))
((86,160,608) (169,169,640) (0,0,1))
((86,96,640) (95,127,672) (0,0,1))
((86,86,640) (169,95,672) (0,0,1))
((160,96,640) (169,127,672) (0,0,1))
((86,128,640) (95,159,672) (0,0,1))
((160,128,640) (169,159,672) (0,0,1))
((86,160,640) (169,169,672) (0,0,1))
((86,96,672) (95,127,704) (0,0,1))
((86,86,672) (169,95,704) (0,0,1))
((160,96,672) (169,127,704) (0,0,1))
((86,128,672) (95,159,704) (0,0,1))
((160,128,672) (169,159,704) (0,0,1))
((86,160,672) (169,169,704) (0,0,1))
((86,96,704) (95,127,736) (0,0,1))
((86,86,704) (169,95,736) (0,0,1))
((160,96,704) (169,127,736) (0,0,1))
((86,128,704) (95,159,736) (0,0,1))
((160,128,704) (169,159,736) (0,0,1))
((86,160,704) (169,169,736) (0,0,1))
((86,96,736) (95,127,768) (0,0,1))
((86,86,736) (169,95,768) (0,0,1))
((160,96,736) (169,127,768) (0,0,1))
((86,128,736) (95,159,768) (0,0,1))
((160,128,736) (169,159,768) (0,0,1))
((86,160,736) (169,169,768) (0,0,1))
((86,96,768) (95,127,800) (0,0,1))
((86,86,768) (169,95,800) (0,0,1))
((160,96,768) (169,127,800) (0,0,1))
((86,86,800) (169,127,810) (0,0,1))
((86,128,768) (95,159,800) (0,0,1))
((160,128,768) (169,159,800) (0,0,1))
((86,160,768) (169,169,800) (0,0,1))
((86,128,800) (169,169,810) (0,0,1))
)
124
FabOnDisk: pml_Bz_fp_D_00008 0
FabOnDisk: pml_Bz_fp_D_00008 298368
FabOnDisk: pml_Bz_fp_D_00008 1027712
FabOnDisk: pml_Bz_fp_D_00008 1999232
FabOnDisk: pml_Bz_fp_D_00000 0
FabOnDisk: pml_Bz_fp_D_00000 298368
FabOnDisk: pml_Bz_fp_D_00000 1269888
FabOnDisk: pml_Bz_fp_D_00000 1568256
FabOnDisk: pml_Bz_fp_D_00009 0
FabOnDisk: pml_Bz_fp_D_00009 298368
FabOnDisk: pml_Bz_fp_D_00009 1027712
FabOnDisk: pml_Bz_fp_D_00000 2297600
FabOnDisk: pml_Bz_fp_D_00000 2595968
FabOnDisk: pml_Bz_fp_D_00000 2894336
FabOnDisk: pml_Bz_fp_D_00010 0
FabOnDisk: pml_Bz_fp_D_00010 298368
FabOnDisk: pml_Bz_fp_D_00010 1027712
FabOnDisk: pml_Bz_fp_D_00011 0
FabOnDisk: pml_Bz_fp_D_00011 298368
FabOnDisk: pml_Bz_fp_D_00011 596736
FabOnDisk: pml_Bz_fp_D_00012 0
FabOnDisk: pml_Bz_fp_D_00012 298368
FabOnDisk: pml_Bz_fp_D_00012 1027712
FabOnDisk: pml_Bz_fp_D_00014 0
FabOnDisk: pml_Bz_fp_D_00014 298368
FabOnDisk: pml_Bz_fp_D_00014 596736
FabOnDisk: pml_Bz_fp_D_00013 0
FabOnDisk: pml_Bz_fp_D_00013 298368
FabOnDisk: pml_Bz_fp_D_00013 1027712
FabOnDisk: pml_Bz_fp_D_00015 0
FabOnDisk: pml_Bz_fp_D_00015 298368
FabOnDisk: pml_Bz_fp_D_00015 596736
FabOnDisk: pml_Bz_fp_D_00001 0
FabOnDisk: pml_Bz_fp_D_00001 298368
FabOnDisk: pml_Bz_fp_D_00001 1027712
FabOnDisk: pml_Bz_fp_D_00016 0
FabOnDisk: pml_Bz_fp_D_00016 298368
FabOnDisk: pml_Bz_fp_D_00016 596736
FabOnDisk: pml_Bz_fp_D_00001 1326080
FabOnDisk: pml_Bz_fp_D_00001 1624448
FabOnDisk: pml_Bz_fp_D_00001 2353792
FabOnDisk: pml_Bz_fp_D_00002 0
FabOnDisk: pml_Bz_fp_D_00002 298368
FabOnDisk: pml_Bz_fp_D_00002 596736
FabOnDisk: pml_Bz_fp_D_00002 1326080
FabOnDisk: pml_Bz_fp_D_00002 1624448
FabOnDisk: pml_Bz_fp_D_00002 2353792
FabOnDisk: pml_Bz_fp_D_00003 0
FabOnDisk: pml_Bz_fp_D_00003 298368
FabOnDisk: pml_Bz_fp_D_00003 596736
FabOnDisk: pml_Bz_fp_D_00017 0
FabOnDisk: pml_Bz_fp_D_00017 298368
FabOnDisk: pml_Bz_fp_D_00017 1027712
FabOnDisk: pml_Bz_fp_D_00003 1326080
FabOnDisk: pml_Bz_fp_D_00003 1624448
FabOnDisk: pml_Bz_fp_D_00003 1922816
FabOnDisk: pml_Bz_fp_D_00018 0
FabOnDisk: pml_Bz_fp_D_00018 298368
FabOnDisk: pml_Bz_fp_D_00018 1027712
FabOnDisk: pml_Bz_fp_D_00020 0
FabOnDisk: pml_Bz_fp_D_00020 298368
FabOnDisk: pml_Bz_fp_D_00020 596736
FabOnDisk: pml_Bz_fp_D_00019 0
FabOnDisk: pml_Bz_fp_D_00019 298368
FabOnDisk: pml_Bz_fp_D_00019 1027712
FabOnDisk: pml_Bz_fp_D_00021 0
FabOnDisk: pml_Bz_fp_D_00021 298368
FabOnDisk: pml_Bz_fp_D_00021 596736
FabOnDisk: pml_Bz_fp_D_00022 0
FabOnDisk: pml_Bz_fp_D_00022 298368
FabOnDisk: pml_Bz_fp_D_00022 1027712
FabOnDisk: pml_Bz_fp_D_00024 0
FabOnDisk: pml_Bz_fp_D_00024 298368
FabOnDisk: pml_Bz_fp_D_00024 596736
FabOnDisk: pml_Bz_fp_D_00004 0
FabOnDisk: pml_Bz_fp_D_00004 298368
FabOnDisk: pml_Bz_fp_D_00004 1027712
FabOnDisk: pml_Bz_fp_D_00025 0
FabOnDisk: pml_Bz_fp_D_00025 298368
FabOnDisk: pml_Bz_fp_D_00025 596736
FabOnDisk: pml_Bz_fp_D_00004 1326080
FabOnDisk: pml_Bz_fp_D_00004 1624448
FabOnDisk: pml_Bz_fp_D_00004 2353792
FabOnDisk: pml_Bz_fp_D_00005 0
FabOnDisk: pml_Bz_fp_D_00005 298368
FabOnDisk: pml_Bz_fp_D_00005 596736
FabOnDisk: pml_Bz_fp_D_00023 0
FabOnDisk: pml_Bz_fp_D_00023 298368
FabOnDisk: pml_Bz_fp_D_00023 1027712
FabOnDisk: pml_Bz_fp_D_00005 1326080
FabOnDisk: pml_Bz_fp_D_00005 1624448
FabOnDisk: pml_Bz_fp_D_00005 1922816
FabOnDisk: pml_Bz_fp_D_00026 0
FabOnDisk: pml_Bz_fp_D_00026 298368
FabOnDisk: pml_Bz_fp_D_00026 1027712
FabOnDisk: pml_Bz_fp_D_00006 0
FabOnDisk: pml_Bz_fp_D_00006 298368
FabOnDisk: pml_Bz_fp_D_00006 596736
FabOnDisk: pml_Bz_fp_D_00027 0
FabOnDisk: pml_Bz_fp_D_00027 298368
FabOnDisk: pml_Bz_fp_D_00027 1027712
FabOnDisk: pml_Bz_fp_D_00029 0
FabOnDisk: pml_Bz_fp_D_00029 298368
FabOnDisk: pml_Bz_fp_D_00029 596736
FabOnDisk: pml_Bz_fp_D_00028 0
FabOnDisk: pml_Bz_fp_D_00028 298368
FabOnDisk: pml_Bz_fp_D_00028 1027712
FabOnDisk: pml_Bz_fp_D_00030 0
FabOnDisk: pml_Bz_fp_D_00030 298368
FabOnDisk: pml_Bz_fp_D_00030 596736
FabOnDisk: pml_Bz_fp_D_00006 1326080
FabOnDisk: pml_Bz_fp_D_00006 1624448
FabOnDisk: pml_Bz_fp_D_00006 2353792
FabOnDisk: pml_Bz_fp_D_00031 0
FabOnDisk: pml_Bz_fp_D_00031 298368
FabOnDisk: pml_Bz_fp_D_00031 596736
FabOnDisk: pml_Bz_fp_D_00007 0
FabOnDisk: pml_Bz_fp_D_00007 298368
FabOnDisk: pml_Bz_fp_D_00007 1027712
FabOnDisk: pml_Bz_fp_D_00007 1326080
FabOnDisk: pml_Bz_fp_D_00007 2297600
FabOnDisk: pml_Bz_fp_D_00007 2595968
FabOnDisk: pml_Bz_fp_D_00007 2894336
FabOnDisk: pml_Bz_fp_D_00007 3623680

((8, (64 11 52 0 1 12 0 1023)),(8, (8 7 6 5 4 3 2 1)))
