2
1
2
1
(124 0
((43,48,80) (48,63,96) (1,0,1))
((43,43,80) (85,47,96) (1,0,1))
((43,43,75) (85,63,80) (1,0,1))
((80,48,80) (85,63,96) (1,0,1))
((43,64,80) (48,79,96) (1,0,1))
((43,64,75) (85,84,80) (1,0,1))
((80,64,80) (85,79,96) (1,0,1))
((43,80,80) (85,84,96) (1,0,1))
((43,48,96) (48,63,112) (1,0,1))
((43,43,96) (85,47,112) (1,0,1))
((80,48,96) (85,63,112) (1,0,1))
((43,64,96) (48,79,112) (1,0,1))
((80,64,96) (85,79,112) (1,0,1))
((43,80,96) (85,84,112) (1,0,1))
((43,48,112) (48,63,128) (1,0,1))
((43,43,112) (85,47,128) (1,0,1))
((80,48,112) (85,63,128) (1,0,1))
((43,64,112) (48,79,128) (1,0,1))
((80,64,112) (85,79,128) (1,0,1))
((43,80,112) (85,84,128) (1,0,1))
((43,48,128) (48,63,144) (1,0,1))
((43,43,128) (85,47,144) (1,0,1))
((80,48,128) (85,63,144) (1,0,1))
((43,64,128) (48,79,144) (1,0,1))
((80,64,128) (85,79,144) (1,0,1))
((43,80,128) (85,84,144) (1,0,1))
((43,48,144) (48,63,160) (1,0,1))
((43,43,144) (85,47,160) (1,0,1))
((80,48,144) (85,63,160) (1,0,1))
((43,64,144) (48,79,160) (1,0,1))
((80,64,144) (85,79,160) (1,0,1))
((43,80,144) (85,84,160) (1,0,1))
((43,48,160) (48,63,176) (1,0,1))
((43,43,160) (85,47,176) (1,0,1))
((80,48,160) (85,63,176) (1,0,1))
((43,64,160) (48,79,176) (1,0,1))
((80,64,160) (85,79,176) (1,0,1))
((43,80,160) (85,84,176) (1,0,1))
((43,48,176) (48,63,192) (1,0,1))
((43,43,176) (85,47,192) (1,0,1))
((80,48,176) (85,63,192) (1,0,1))
((43,64,176) (48,79,192) (1,0,1))
((80,64,176) (85,79,192) (1,0,1))
((43,80,176) (85,84,192) (1,0,1))
((43,48,192) (48,63,208) (1,0,1))
((43,43,192) (85,47,208) (1,0,1))
((80,48,192) (85,63,208) (1,0,1))
((43,64,192) (48,79,208) (1,0,1))
((80,64,192) (85,79,208) (1,0,1))
((43,80,192) (85,84,208) (1,0,1))
((43,48,208) (48,63,224) (1,0,1))
((43,43,208) (85,47,224) (1,0,1))
((80,48,208) (85,63,224) (1,0,1))
((43,64,208) (48,79,224) (1,0,1))
((80,64,208) (85,79,224) (1,0,1))
((43,80,208) (85,84,224) (1,0,1))
((43,48,224) (48,63,240) (1,0,1))
((43,43,224) (85,47,240) (1,0,1))
((80,48,224) (85,63,240) (1,0,1))
((43,64,224) (48,79,240) (1,0,1))
((80,64,224) (85,79,240) (1,0,1))
((43,80,224) (85,84,240) (1,0,1))
((43,48,240) (48,63,256) (1,0,1))
((43,43,240) (85,47,256) (1,0,1))
((80,48,240) (85,63,256) (1,0,1))
((43,64,240) (48,79,256) (1,0,1))
((80,64,240) (85,79,256) (1,0,1))
((43,80,240) (85,84,256) (1,0,1))
((43,48,256) (48,63,272) (1,0,1))
((43,43,256) (85,47,272) (1,0,1))
((80,48,256) (85,63,272) (1,0,1))
((43,64,256) (48,79,272) (1,0,1))
((80,64,256) (85,79,272) (1,0,1))
((43,80,256) (85,84,272) (1,0,1))
((43,48,272) (48,63,288) (1,0,1))
((43,43,272) (85,47,288) (1,0,1))
((80,48,272) (85,63,288) (1,0,1))
((43,64,272) (48,79,288) (1,0,1))
((80,64,272) (85,79,288) (1,0,1))
((43,80,272) (85,84,288) (1,0,1))
((43,48,288) (48,63,304) (1,0,1))
((43,43,288) (85,47,304) (1,0,1))
((80,48,288) (85,63,304) (1,0,1))
((43,64,288) (48,79,304) (1,0,1))
((80,64,288) (85,79,304) (1,0,1))
((43,80,288) (85,84,304) (1,0,1))
((43,48,304) (48,63,320) (1,0,1))
((43,43,304) (85,47,320) (1,0,1))
((80,48,304) (85,63,320) (1,0,1))
((43,64,304) (48,79,320) (1,0,1))
((80,64,304) (85,79,320) (1,0,1))
((43,80,304) (85,84,320) (1,0,1))
((43,48,320) (48,63,336) (1,0,1))
((43,43,320) (85,47,336) (1,0,1))
((80,48,320) (85,63,336) (1,0,1))
((43,64,320) (48,79,336) (1,0,1))
((80,64,320) (85,79,336) (1,0,1))
((43,80,320) (85,84,336) (1,0,1))
((43,48,336) (48,63,352) (1,0,1))
((43,43,336) (85,47,352) (1,0,1))
((80,48,336) (85,63,352) (1,0,1))
((43,64,336) (48,79,352) (1,0,1))
((80,64,336) (85,79,352) (1,0,1))
((43,80,336) (85,84,352) (1,0,1))
((43,48,352) (48,63,368) (1,0,1))
((43,43,352) (85,47,368) (1,0,1))
((80,48,352) (85,63,368) (1,0,1))
((43,64,352) (48,79,368) (1,0,1))
((80,64,352) (85,79,368) (1,0,1))
((43,80,352) (85,84,368) (1,0,1))
((43,48,368) (48,63,384) (1,0,1))
((43,43,368) (85,47,384) (1,0,1))
((80,48,368) (85,63,384) (1,0,1))
((43,64,368) (48,79,384) (1,0,1))
((80,64,368) (85,79,384) (1,0,1))
((43,80,368) (85,84,384) (1,0,1))
((43,48,384) (48,63,400) (1,0,1))
((43,43,384) (85,47,400) (1,0,1))
((80,48,384) (85,63,400) (1,0,1))
((43,43,400) (85,63,405) (1,0,1))
((43,64,384) (48,79,400) (1,0,1))
((80,64,384) (85,79,400) (1,0,1))
((43,80,384) (85,84,400) (1,0,1))
((43,64,400) (85,84,405) (1,0,1))
)
124
FabOnDisk: pml_Ey_cp_D_00008 0
FabOnDisk: pml_Ey_cp_D_00008 43776
FabOnDisk: pml_Ey_cp_D_00008 139536
FabOnDisk: pml_Ey_cp_D_00008 272016
FabOnDisk: pml_Ey_cp_D_00000 0
FabOnDisk: pml_Ey_cp_D_00000 43776
FabOnDisk: pml_Ey_cp_D_00000 176256
FabOnDisk: pml_Ey_cp_D_00000 220032
FabOnDisk: pml_Ey_cp_D_00009 0
FabOnDisk: pml_Ey_cp_D_00009 43776
FabOnDisk: pml_Ey_cp_D_00009 139536
FabOnDisk: pml_Ey_cp_D_00000 315792
FabOnDisk: pml_Ey_cp_D_00000 359568
FabOnDisk: pml_Ey_cp_D_00000 403344
FabOnDisk: pml_Ey_cp_D_00010 0
FabOnDisk: pml_Ey_cp_D_00010 43776
FabOnDisk: pml_Ey_cp_D_00010 139536
FabOnDisk: pml_Ey_cp_D_00011 0
FabOnDisk: pml_Ey_cp_D_00011 43776
FabOnDisk: pml_Ey_cp_D_00011 87552
FabOnDisk: pml_Ey_cp_D_00012 0
FabOnDisk: pml_Ey_cp_D_00012 43776
FabOnDisk: pml_Ey_cp_D_00012 139536
FabOnDisk: pml_Ey_cp_D_00014 0
FabOnDisk: pml_Ey_cp_D_00014 43776
FabOnDisk: pml_Ey_cp_D_00014 87552
FabOnDisk: pml_Ey_cp_D_00013 0
FabOnDisk: pml_Ey_cp_D_00013 43776
FabOnDisk: pml_Ey_cp_D_00013 139536
FabOnDisk: pml_Ey_cp_D_00015 0
FabOnDisk: pml_Ey_cp_D_00015 43776
FabOnDisk: pml_Ey_cp_D_00015 87552
FabOnDisk: pml_Ey_cp_D_00001 0
FabOnDisk: pml_Ey_cp_D_00001 43776
FabOnDisk: pml_Ey_cp_D_00001 139536
FabOnDisk: pml_Ey_cp_D_00016 0
FabOnDisk: pml_Ey_cp_D_00016 43776
FabOnDisk: pml_Ey_cp_D_00016 87552
FabOnDisk: pml_Ey_cp_D_00001 183312
FabOnDisk: pml_Ey_cp_D_00001 227088
FabOnDisk: pml_Ey_cp_D_00001 322848
FabOnDisk: pml_Ey_cp_D_00002 0
FabOnDisk: pml_Ey_cp_D_00002 43776
FabOnDisk: pml_Ey_cp_D_00002 87552
FabOnDisk: pml_Ey_cp_D_00002 183312
FabOnDisk: pml_Ey_cp_D_00002 227088
FabOnDisk: pml_Ey_cp_D_00002 322848
FabOnDisk: pml_Ey_cp_D_00003 0
FabOnDisk: pml_Ey_cp_D_00003 43776
FabOnDisk: pml_Ey_cp_D_00003 87552
FabOnDisk: pml_Ey_cp_D_00017 0
FabOnDisk: pml_Ey_cp_D_00017 43776
FabOnDisk: pml_Ey_cp_D_00017 139536
FabOnDisk: pml_Ey_cp_D_00003 183312
FabOnDisk: pml_Ey_cp_D_00003 227088
FabOnDisk: pml_Ey_cp_D_00003 270864
FabOnDisk: pml_Ey_cp_D_00018 0
FabOnDisk: pml_Ey_cp_D_00018 43776
FabOnDisk: pml_Ey_cp_D_00018 139536
FabOnDisk: pml_Ey_cp_D_00020 0
FabOnDisk: pml_Ey_cp_D_00020 43776
FabOnDisk: pml_Ey_cp_D_00020 87552
FabOnDisk: pml_Ey_cp_D_00019 0
FabOnDisk: pml_Ey_cp_D_00019 43776
FabOnDisk: pml_Ey_cp_D_00019 139536
FabOnDisk: pml_Ey_cp_D_00021 0
FabOnDisk: pml_Ey_cp_D_00021 43776
FabOnDisk: pml_Ey_cp_D_00021 87552
FabOnDisk: pml_Ey_cp_D_00022 0
FabOnDisk: pml_Ey_cp_D_00022 43776
FabOnDisk: pml_Ey_cp_D_00022 139536
FabOnDisk: pml_Ey_cp_D_00024 0
FabOnDisk: pml_Ey_cp_D_00024 43776
FabOnDisk: pml_Ey_cp_D_00024 87552
FabOnDisk: pml_Ey_cp_D_00004 0
FabOnDisk: pml_Ey_cp_D_00004 43776
FabOnDisk: pml_Ey_cp_D_00004 139536
FabOnDisk: pml_Ey_cp_D_00025 0
FabOnDisk: pml_Ey_cp_D_00025 43776
FabOnDisk: pml_Ey_cp_D_00025 87552
FabOnDisk: pml_Ey_cp_D_00004 183312
FabOnDisk: pml_Ey_cp_D_00004 227088
FabOnDisk: pml_Ey_cp_D_00004 322848
FabOnDisk: pml_Ey_cp_D_00005 0
FabOnDisk: pml_Ey_cp_D_00005 43776
FabOnDisk: pml_Ey_cp_D_00005 87552
FabOnDisk: pml_Ey_cp_D_00023 0
FabOnDisk: pml_Ey_cp_D_00023 43776
FabOnDisk: pml_Ey_cp_D_00023 139536
FabOnDisk: pml_Ey_cp_D_00005 183312
FabOnDisk: pml_Ey_cp_D_00005 227088
FabOnDisk: pml_Ey_cp_D_00005 270864
FabOnDisk: pml_Ey_cp_D_00026 0
FabOnDisk: pml_Ey_cp_D_00026 43776
FabOnDisk: pml_Ey_cp_D_00026 139536
FabOnDisk: pml_Ey_cp_D_00006 0
FabOnDisk: pml_Ey_cp_D_00006 43776
FabOnDisk: pml_Ey_cp_D_00006 87552
FabOnDisk: pml_Ey_cp_D_00027 0
FabOnDisk: pml_Ey_cp_D_00027 43776
FabOnDisk: pml_Ey_cp_D_00027 139536
FabOnDisk: pml_Ey_cp_D_00029 0
FabOnDisk: pml_Ey_cp_D_00029 43776
FabOnDisk: pml_Ey_cp_D_00029 87552
FabOnDisk: pml_Ey_cp_D_00028 0
FabOnDisk: pml_Ey_cp_D_00028 43776
FabOnDisk: pml_Ey_cp_D_00028 139536
FabOnDisk: pml_Ey_cp_D_00030 0
FabOnDisk: pml_Ey_cp_D_00030 43776
FabOnDisk: pml_Ey_cp_D_00030 87552
FabOnDisk: pml_Ey_cp_D_00006 183312
FabOnDisk: pml_Ey_cp_D_00006 227088
FabOnDisk: pml_Ey_cp_D_00006 322848
FabOnDisk: pml_Ey_cp_D_00031 0
FabOnDisk: pml_Ey_cp_D_00031 43776
FabOnDisk: pml_Ey_cp_D_00031 87552
FabOnDisk: pml_Ey_cp_D_00007 0
FabOnDisk: pml_Ey_cp_D_00007 43776
FabOnDisk: pml_Ey_cp_D_00007 139536
FabOnDisk: pml_Ey_cp_D_00007 183312
FabOnDisk: pml_Ey_cp_D_00007 315792
FabOnDisk: pml_Ey_cp_D_00007 359568
FabOnDisk: pml_Ey_cp_D_00007 403344
FabOnDisk: pml_Ey_cp_D_00007 499104

((8, (64 11 52 0 1 12 0 1023)),(8, (8 7 6 5 4 3 2 1)))
