2
1
2
1
(124 0
((43,48,80) (48,63,95) (1,0,0))
((43,43,80) (85,47,95) (1,0,0))
((43,43,75) (85,63,79) (1,0,0))
((80,48,80) (85,63,95) (1,0,0))
((43,64,80) (48,79,95) (1,0,0))
((43,64,75) (85,84,79) (1,0,0))
((80,64,80) (85,79,95) (1,0,0))
((43,80,80) (85,84,95) (1,0,0))
((43,48,96) (48,63,111) (1,0,0))
((43,43,96) (85,47,111) (1,0,0))
((80,48,96) (85,63,111) (1,0,0))
((43,64,96) (48,79,111) (1,0,0))
((80,64,96) (85,79,111) (1,0,0))
((43,80,96) (85,84,111) (1,0,0))
((43,48,112) (48,63,127) (1,0,0))
((43,43,112) (85,47,127) (1,0,0))
((80,48,112) (85,63,127) (1,0,0))
((43,64,112) (48,79,127) (1,0,0))
((80,64,112) (85,79,127) (1,0,0))
((43,80,112) (85,84,127) (1,0,0))
((43,48,128) (48,63,143) (1,0,0))
((43,43,128) (85,47,143) (1,0,0))
((80,48,128) (85,63,143) (1,0,0))
((43,64,128) (48,79,143) (1,0,0))
((80,64,128) (85,79,143) (1,0,0))
((43,80,128) (85,84,143) (1,0,0))
((43,48,144) (48,63,159) (1,0,0))
((43,43,144) (85,47,159) (1,0,0))
((80,48,144) (85,63,159) (1,0,0))
((43,64,144) (48,79,159) (1,0,0))
((80,64,144) (85,79,159) (1,0,0))
((43,80,144) (85,84,159) (1,0,0))
((43,48,160) (48,63,175) (1,0,0))
((43,43,160) (85,47,175) (1,0,0))
((80,48,160) (85,63,175) (1,0,0))
((43,64,160) (48,79,175) (1,0,0))
((80,64,160) (85,79,175) (1,0,0))
((43,80,160) (85,84,175) (1,0,0))
((43,48,176) (48,63,191) (1,0,0))
((43,43,176) (85,47,191) (1,0,0))
((80,48,176) (85,63,191) (1,0,0))
((43,64,176) (48,79,191) (1,0,0))
((80,64,176) (85,79,191) (1,0,0))
((43,80,176) (85,84,191) (1,0,0))
((43,48,192) (48,63,207) (1,0,0))
((43,43,192) (85,47,207) (1,0,0))
((80,48,192) (85,63,207) (1,0,0))
((43,64,192) (48,79,207) (1,0,0))
((80,64,192) (85,79,207) (1,0,0))
((43,80,192) (85,84,207) (1,0,0))
((43,48,208) (48,63,223) (1,0,0))
((43,43,208) (85,47,223) (1,0,0))
((80,48,208) (85,63,223) (1,0,0))
((43,64,208) (48,79,223) (1,0,0))
((80,64,208) (85,79,223) (1,0,0))
((43,80,208) (85,84,223) (1,0,0))
((43,48,224) (48,63,239) (1,0,0))
((43,43,224) (85,47,239) (1,0,0))
((80,48,224) (85,63,239) (1,0,0))
((43,64,224) (48,79,239) (1,0,0))
((80,64,224) (85,79,239) (1,0,0))
((43,80,224) (85,84,239) (1,0,0))
((43,48,240) (48,63,255) (1,0,0))
((43,43,240) (85,47,255) (1,0,0))
((80,48,240) (85,63,255) (1,0,0))
((43,64,240) (48,79,255) (1,0,0))
((80,64,240) (85,79,255) (1,0,0))
((43,80,240) (85,84,255) (1,0,0))
((43,48,256) (48,63,271) (1,0,0))
((43,43,256) (85,47,271) (1,0,0))
((80,48,256) (85,63,271) (1,0,0))
((43,64,256) (48,79,271) (1,0,0))
((80,64,256) (85,79,271) (1,0,0))
((43,80,256) (85,84,271) (1,0,0))
((43,48,272) (48,63,287) (1,0,0))
((43,43,272) (85,47,287) (1,0,0))
((80,48,272) (85,63,287) (1,0,0))
((43,64,272) (48,79,287) (1,0,0))
((80,64,272) (85,79,287) (1,0,0))
((43,80,272) (85,84,287) (1,0,0))
((43,48,288) (48,63,303) (1,0,0))
((43,43,288) (85,47,303) (1,0,0))
((80,48,288) (85,63,303) (1,0,0))
((43,64,288) (48,79,303) (1,0,0))
((80,64,288) (85,79,303) (1,0,0))
((43,80,288) (85,84,303) (1,0,0))
((43,48,304) (48,63,319) (1,0,0))
((43,43,304) (85,47,319) (1,0,0))
((80,48,304) (85,63,319) (1,0,0))
((43,64,304) (48,79,319) (1,0,0))
((80,64,304) (85,79,319) (1,0,0))
((43,80,304) (85,84,319) (1,0,0))
((43,48,320) (48,63,335) (1,0,0))
((43,43,320) (85,47,335) (1,0,0))
((80,48,320) (85,63,335) (1,0,0))
((43,64,320) (48,79,335) (1,0,0))
((80,64,320) (85,79,335) (1,0,0))
((43,80,320) (85,84,335) (1,0,0))
((43,48,336) (48,63,351) (1,0,0))
((43,43,336) (85,47,351) (1,0,0))
((80,48,336) (85,63,351) (1,0,0))
((43,64,336) (48,79,351) (1,0,0))
((80,64,336) (85,79,351) (1,0,0))
((43,80,336) (85,84,351) (1,0,0))
((43,48,352) (48,63,367) (1,0,0))
((43,43,352) (85,47,367) (1,0,0))
((80,48,352) (85,63,367) (1,0,0))
((43,64,352) (48,79,367) (1,0,0))
((80,64,352) (85,79,367) (1,0,0))
((43,80,352) (85,84,367) (1,0,0))
((43,48,368) (48,63,383) (1,0,0))
((43,43,368) (85,47,383) (1,0,0))
((80,48,368) (85,63,383) (1,0,0))
((43,64,368) (48,79,383) (1,0,0))
((80,64,368) (85,79,383) (1,0,0))
((43,80,368) (85,84,383) (1,0,0))
((43,48,384) (48,63,399) (1,0,0))
((43,43,384) (85,47,399) (1,0,0))
((80,48,384) (85,63,399) (1,0,0))
((43,43,400) (85,63,404) (1,0,0))
((43,64,384) (48,79,399) (1,0,0))
((80,64,384) (85,79,399) (1,0,0))
((43,80,384) (85,84,399) (1,0,0))
((43,64,400) (85,84,404) (1,0,0))
)
124
FabOnDisk: pml_Bx_cp_D_00008 0
FabOnDisk: pml_Bx_cp_D_00008 41472
FabOnDisk: pml_Bx_cp_D_00008 132192
FabOnDisk: pml_Bx_cp_D_00008 248112
FabOnDisk: pml_Bx_cp_D_00000 0
FabOnDisk: pml_Bx_cp_D_00000 41472
FabOnDisk: pml_Bx_cp_D_00000 157392
FabOnDisk: pml_Bx_cp_D_00000 198864
FabOnDisk: pml_Bx_cp_D_00009 0
FabOnDisk: pml_Bx_cp_D_00009 41472
FabOnDisk: pml_Bx_cp_D_00009 132192
FabOnDisk: pml_Bx_cp_D_00000 289584
FabOnDisk: pml_Bx_cp_D_00000 331056
FabOnDisk: pml_Bx_cp_D_00000 372528
FabOnDisk: pml_Bx_cp_D_00010 0
FabOnDisk: pml_Bx_cp_D_00010 41472
FabOnDisk: pml_Bx_cp_D_00010 132192
FabOnDisk: pml_Bx_cp_D_00011 0
FabOnDisk: pml_Bx_cp_D_00011 41472
FabOnDisk: pml_Bx_cp_D_00011 82944
FabOnDisk: pml_Bx_cp_D_00012 0
FabOnDisk: pml_Bx_cp_D_00012 41472
FabOnDisk: pml_Bx_cp_D_00012 132192
FabOnDisk: pml_Bx_cp_D_00014 0
FabOnDisk: pml_Bx_cp_D_00014 41472
FabOnDisk: pml_Bx_cp_D_00014 82944
FabOnDisk: pml_Bx_cp_D_00013 0
FabOnDisk: pml_Bx_cp_D_00013 41472
FabOnDisk: pml_Bx_cp_D_00013 132192
FabOnDisk: pml_Bx_cp_D_00015 0
FabOnDisk: pml_Bx_cp_D_00015 41472
FabOnDisk: pml_Bx_cp_D_00015 82944
FabOnDisk: pml_Bx_cp_D_00001 0
FabOnDisk: pml_Bx_cp_D_00001 41472
FabOnDisk: pml_Bx_cp_D_00001 132192
FabOnDisk: pml_Bx_cp_D_00016 0
FabOnDisk: pml_Bx_cp_D_00016 41472
FabOnDisk: pml_Bx_cp_D_00016 82944
FabOnDisk: pml_Bx_cp_D_00001 173664
FabOnDisk: pml_Bx_cp_D_00001 215136
FabOnDisk: pml_Bx_cp_D_00001 305856
FabOnDisk: pml_Bx_cp_D_00002 0
FabOnDisk: pml_Bx_cp_D_00002 41472
FabOnDisk: pml_Bx_cp_D_00002 82944
FabOnDisk: pml_Bx_cp_D_00002 173664
FabOnDisk: pml_Bx_cp_D_00002 215136
FabOnDisk: pml_Bx_cp_D_00002 305856
FabOnDisk: pml_Bx_cp_D_00003 0
FabOnDisk: pml_Bx_cp_D_00003 41472
FabOnDisk: pml_Bx_cp_D_00003 82944
FabOnDisk: pml_Bx_cp_D_00017 0
FabOnDisk: pml_Bx_cp_D_00017 41472
FabOnDisk: pml_Bx_cp_D_00017 132192
FabOnDisk: pml_Bx_cp_D_00003 173664
FabOnDisk: pml_Bx_cp_D_00003 215136
FabOnDisk: pml_Bx_cp_D_00003 256608
FabOnDisk: pml_Bx_cp_D_00018 0
FabOnDisk: pml_Bx_cp_D_00018 41472
FabOnDisk: pml_Bx_cp_D_00018 132192
FabOnDisk: pml_Bx_cp_D_00020 0
FabOnDisk: pml_Bx_cp_D_00020 41472
FabOnDisk: pml_Bx_cp_D_00020 82944
FabOnDisk: pml_Bx_cp_D_00019 0
FabOnDisk: pml_Bx_cp_D_00019 41472
FabOnDisk: pml_Bx_cp_D_00019 132192
FabOnDisk: pml_Bx_cp_D_00021 0
FabOnDisk: pml_Bx_cp_D_00021 41472
FabOnDisk: pml_Bx_cp_D_00021 82944
FabOnDisk: pml_Bx_cp_D_00022 0
FabOnDisk: pml_Bx_cp_D_00022 41472
FabOnDisk: pml_Bx_cp_D_00022 132192
FabOnDisk: pml_Bx_cp_D_00024 0
FabOnDisk: pml_Bx_cp_D_00024 41472
FabOnDisk: pml_Bx_cp_D_00024 82944
FabOnDisk: pml_Bx_cp_D_00004 0
FabOnDisk: pml_Bx_cp_D_00004 41472
FabOnDisk: pml_Bx_cp_D_00004 132192
FabOnDisk: pml_Bx_cp_D_00025 0
FabOnDisk: pml_Bx_cp_D_00025 41472
FabOnDisk: pml_Bx_cp_D_00025 82944
FabOnDisk: pml_Bx_cp_D_00004 173664
FabOnDisk: pml_Bx_cp_D_00004 215136
FabOnDisk: pml_Bx_cp_D_00004 305856
FabOnDisk: pml_Bx_cp_D_00005 0
FabOnDisk: pml_Bx_cp_D_00005 41472
FabOnDisk: pml_Bx_cp_D_00005 82944
FabOnDisk: pml_Bx_cp_D_00023 0
FabOnDisk: pml_Bx_cp_D_00023 41472
FabOnDisk: pml_Bx_cp_D_00023 132192
FabOnDisk: pml_Bx_cp_D_00005 173664
FabOnDisk: pml_Bx_cp_D_00005 215136
FabOnDisk: pml_Bx_cp_D_00005 256608
FabOnDisk: pml_Bx_cp_D_00026 0
FabOnDisk: pml_Bx_cp_D_00026 41472
FabOnDisk: pml_Bx_cp_D_00026 132192
FabOnDisk: pml_Bx_cp_D_00006 0
FabOnDisk: pml_Bx_cp_D_00006 41472
FabOnDisk: pml_Bx_cp_D_00006 82944
FabOnDisk: pml_Bx_cp_D_00027 0
FabOnDisk: pml_Bx_cp_D_00027 41472
FabOnDisk: pml_Bx_cp_D_00027 132192
FabOnDisk: pml_Bx_cp_D_00029 0
FabOnDisk: pml_Bx_cp_D_00029 41472
FabOnDisk: pml_Bx_cp_D_00029 82944
FabOnDisk: pml_Bx_cp_D_00028 0
FabOnDisk: pml_Bx_cp_D_00028 41472
FabOnDisk: pml_Bx_cp_D_00028 132192
FabOnDisk: pml_Bx_cp_D_00030 0
FabOnDisk: pml_Bx_cp_D_00030 41472
FabOnDisk: pml_Bx_cp_D_00030 82944
FabOnDisk: pml_Bx_cp_D_00006 173664
FabOnDisk: pml_Bx_cp_D_00006 215136
FabOnDisk: pml_Bx_cp_D_00006 305856
FabOnDisk: pml_Bx_cp_D_00031 0
FabOnDisk: pml_Bx_cp_D_00031 41472
FabOnDisk: pml_Bx_cp_D_00031 82944
FabOnDisk: pml_Bx_cp_D_00007 0
FabOnDisk: pml_Bx_cp_D_00007 41472
FabOnDisk: pml_Bx_cp_D_00007 132192
FabOnDisk: pml_Bx_cp_D_00007 173664
FabOnDisk: pml_Bx_cp_D_00007 289584
FabOnDisk: pml_Bx_cp_D_00007 331056
FabOnDisk: pml_Bx_cp_D_00007 372528
FabOnDisk: pml_Bx_cp_D_00007 463248

((8, (64 11 52 0 1 12 0 1023)),(8, (8 7 6 5 4 3 2 1)))
