2
1
2
2
(124 0
((86,96,160) (95,128,192) (0,1,1))
((86,86,160) (169,96,192) (0,1,1))
((86,86,150) (169,128,160) (0,1,1))
((160,96,160) (169,128,192) (0,1,1))
((86,128,160) (95,160,192) (0,1,1))
((86,128,150) (169,170,160) (0,1,1))
((160,128,160) (169,160,192) (0,1,1))
((86,160,160) (169,170,192) (0,1,1))
((86,96,192) (95,128,224) (0,1,1))
((86,86,192) (169,96,224) (0,1,1))
((160,96,192) (169,128,224) (0,1,1))
((86,128,192) (95,160,224) (0,1,1))
((160,128,192) (169,160,224) (0,1,1))
((86,160,192) (169,170,224) (0,1,1))
((86,96,224) (95,128,256) (0,1,1))
((86,86,224) (169,96,256) (0,1,1))
((160,96,224) (169,128,256) (0,1,1))
((86,128,224) (95,160,256) (0,1,1))
((160,128,224) (169,160,256) (0,1,1))
((86,160,224) (169,170,256) (0,1,1))
((86,96,256) (95,128,288) (0,1,1))
((86,86,256) (169,96,288) (0,1,1))
((160,96,256) (169,128,288) (0,1,1))
((86,128,256) (95,160,288) (0,1,1))
((160,128,256) (169,160,288) (0,1,1))
((86,160,256) (169,170,288) (0,1,1))
((86,96,288) (95,128,320) (0,1,1))
((86,86,288) (169,96,320) (0,1,1))
((160,96,288) (169,128,320) (0,1,1))
((86,128,288) (95,160,320) (0,1,1))
((160,128,288) (169,160,320) (0,1,1))
((86,160,288) (169,170,320) (0,1,1))
((86,96,320) (95,128,352) (0,1,1))
((86,86,320) (169,96,352) (0,1,1))
((160,96,320) (169,128,352) (0,1,1))
((86,128,320) (95,160,352) (0,1,1))
((160,128,320) (169,160,352) (0,1,1))
((86,160,320) (169,170,352) (0,1,1))
((86,96,352) (95,128,384) (0,1,1))
((86,86,352) (169,96,384) (0,1,1))
((160,96,352) (169,128,384) (0,1,1))
((86,128,352) (95,160,384) (0,1,1))
((160,128,352) (169,160,384) (0,1,1))
((86,160,352) (169,170,384) (0,1,1))
((86,96,384) (95,128,416) (0,1,1))
((86,86,384) (169,96,416) (0,1,1))
((160,96,384) (169,128,416) (0,1,1))
((86,128,384) (95,160,416) (0,1,1))
((160,128,384) (169,160,416) (0,1,1))
((86,160,384) (169,170,416) (0,1,1))
((86,96,416) (95,128,448) (0,1,1))
((86,86,416) (169,96,448) (0,1,1))
((160,96,416) (169,128,448) (0,1,1))
((86,128,416) (95,160,448) (0,1,1))
((160,128,416) (169,160,448) (0,1,1))
((86,160,416) (169,170,448) (0,1,1))
((86,96,448) (95,128,480) (0,1,1))
((86,86,448) (169,96,480) (0,1,1))
((160,96,448) (169,128,480) (0,1,1))
((86,128,448) (95,160,480) (0,1,1))
((160,128,448) (169,160,480) (0,1,1))
((86,160,448) (169,170,480) (0,1,1))
((86,96,480) (95,128,512) (0,1,1))
((86,86,480) (169,96,512) (0,1,1))
((160,96,480) (169,128,512) (0,1,1))
((86,128,480) (95,160,512) (0,1,1))
((160,128,480) (169,160,512) (0,1,1))
((86,160,480) (169,170,512) (0,1,1))
((86,96,512) (95,128,544) (0,1,1))
((86,86,512) (169,96,544) (0,1,1))
((160,96,512) (169,128,544) (0,1,1))
((86,128,512) (95,160,544) (0,1,1))
((160,128,512) (169,160,544) (0,1,1))
((86,160,512) (169,170,544) (0,1,1))
((86,96,544) (95,128,576) (0,1,1))
((86,86,544) (169,96,576) (0,1,1))
((160,96,544) (169,128,576) (0,1,1))
((86,128,544) (95,160,576) (0,1,1))
((160,128,544) (169,160,576) (0,1,1))
((86,160,544) (169,170,576) (0,1,1))
((86,96,576) (95,128,608) (0,1,1))
((86,86,576) (169,96,608) (0,1,1))
((160,96,576) (169,128,608) (0,1,1))
((86,128,576) (95,160,608) (0,1,1))
((160,128,576) (169,160,608) (0,1,1))
((86,160,576) (169,170,608) (0,1,1))
((86,96,608) (95,128,640) (0,1,1))
((86,86,608) (169,96,640) (0,1,1))
((160,96,608) (169,128,640) (0,1,1))
((86,128,608) (95,160,640) (0,1,1))
((160,128,608) (169,160,640) (0,1,1))
((86,160,608) (169,170,640) (0,1,1))
((86,96,640) (95,128,672) (0,1,1))
((86,86,640) (169,96,672) (0,1,1))
((160,96,640) (169,128,672) (0,1,1))
((86,128,640) (95,160,672) (0,1,1))
((160,128,640) (169,160,672) (0,1,1))
((86,160,640) (169,170,672) (0,1,1))
((86,96,672) (95,128,704) (0,1,1))
((86,86,672) (169,96,704) (0,1,1))
((160,96,672) (169,128,704) (0,1,1))
((86,128,672) (95,160,704) (0,1,1))
((160,128,672) (169,160,704) (0,1,1))
((86,160,672) (169,170,704) (0,1,1))
((86,96,704) (95,128,736) (0,1,1))
((86,86,704) (169,96,736) (0,1,1))
((160,96,704) (169,128,736) (0,1,1))
((86,128,704) (95,160,736) (0,1,1))
((160,128,704) (169,160,736) (0,1,1))
((86,160,704) (169,170,736) (0,1,1))
((86,96,736) (95,128,768) (0,1,1))
((86,86,736) (169,96,768) (0,1,1))
((160,96,736) (169,128,768) (0,1,1))
((86,128,736) (95,160,768) (0,1,1))
((160,128,736) (169,160,768) (0,1,1))
((86,160,736) (169,170,768) (0,1,1))
((86,96,768) (95,128,800) (0,1,1))
((86,86,768) (169,96,800) (0,1,1))
((160,96,768) (169,128,800) (0,1,1))
((86,86,800) (169,128,810) (0,1,1))
((86,128,768) (95,160,800) (0,1,1))
((160,128,768) (169,160,800) (0,1,1))
((86,160,768) (169,170,800) (0,1,1))
((86,128,800) (169,170,810) (0,1,1))
)
124
FabOnDisk: pml_Ex_fp_D_00008 0
FabOnDisk: pml_Ex_fp_D_00008 306656
FabOnDisk: pml_Ex_fp_D_00008 1088096
FabOnDisk: pml_Ex_fp_D_00008 2080736
FabOnDisk: pml_Ex_fp_D_00000 0
FabOnDisk: pml_Ex_fp_D_00000 306656
FabOnDisk: pml_Ex_fp_D_00000 1299296
FabOnDisk: pml_Ex_fp_D_00000 1605952
FabOnDisk: pml_Ex_fp_D_00009 0
FabOnDisk: pml_Ex_fp_D_00009 306656
FabOnDisk: pml_Ex_fp_D_00009 1088096
FabOnDisk: pml_Ex_fp_D_00000 2387392
FabOnDisk: pml_Ex_fp_D_00000 2694048
FabOnDisk: pml_Ex_fp_D_00000 3000704
FabOnDisk: pml_Ex_fp_D_00010 0
FabOnDisk: pml_Ex_fp_D_00010 306656
FabOnDisk: pml_Ex_fp_D_00010 1088096
FabOnDisk: pml_Ex_fp_D_00011 0
FabOnDisk: pml_Ex_fp_D_00011 306656
FabOnDisk: pml_Ex_fp_D_00011 613312
FabOnDisk: pml_Ex_fp_D_00012 0
FabOnDisk: pml_Ex_fp_D_00012 306656
FabOnDisk: pml_Ex_fp_D_00012 1088096
FabOnDisk: pml_Ex_fp_D_00014 0
FabOnDisk: pml_Ex_fp_D_00014 306656
FabOnDisk: pml_Ex_fp_D_00014 613312
FabOnDisk: pml_Ex_fp_D_00013 0
FabOnDisk: pml_Ex_fp_D_00013 306656
FabOnDisk: pml_Ex_fp_D_00013 1088096
FabOnDisk: pml_Ex_fp_D_00015 0
FabOnDisk: pml_Ex_fp_D_00015 306656
FabOnDisk: pml_Ex_fp_D_00015 613312
FabOnDisk: pml_Ex_fp_D_00001 0
FabOnDisk: pml_Ex_fp_D_00001 306656
FabOnDisk: pml_Ex_fp_D_00001 1088096
FabOnDisk: pml_Ex_fp_D_00016 0
FabOnDisk: pml_Ex_fp_D_00016 306656
FabOnDisk: pml_Ex_fp_D_00016 613312
FabOnDisk: pml_Ex_fp_D_00001 1394752
FabOnDisk: pml_Ex_fp_D_00001 1701408
FabOnDisk: pml_Ex_fp_D_00001 2482848
FabOnDisk: pml_Ex_fp_D_00002 0
FabOnDisk: pml_Ex_fp_D_00002 306656
FabOnDisk: pml_Ex_fp_D_00002 613312
FabOnDisk: pml_Ex_fp_D_00002 1394752
FabOnDisk: pml_Ex_fp_D_00002 1701408
FabOnDisk: pml_Ex_fp_D_00002 2482848
FabOnDisk: pml_Ex_fp_D_00003 0
FabOnDisk: pml_Ex_fp_D_00003 306656
FabOnDisk: pml_Ex_fp_D_00003 613312
FabOnDisk: pml_Ex_fp_D_00017 0
FabOnDisk: pml_Ex_fp_D_00017 306656
FabOnDisk: pml_Ex_fp_D_00017 1088096
FabOnDisk: pml_Ex_fp_D_00003 1394752
FabOnDisk: pml_Ex_fp_D_00003 1701408
FabOnDisk: pml_Ex_fp_D_00003 2008064
FabOnDisk: pml_Ex_fp_D_00018 0
FabOnDisk: pml_Ex_fp_D_00018 306656
FabOnDisk: pml_Ex_fp_D_00018 1088096
FabOnDisk: pml_Ex_fp_D_00020 0
FabOnDisk: pml_Ex_fp_D_00020 306656
FabOnDisk: pml_Ex_fp_D_00020 613312
FabOnDisk: pml_Ex_fp_D_00019 0
FabOnDisk: pml_Ex_fp_D_00019 306656
FabOnDisk: pml_Ex_fp_D_00019 1088096
FabOnDisk: pml_Ex_fp_D_00021 0
FabOnDisk: pml_Ex_fp_D_00021 306656
FabOnDisk: pml_Ex_fp_D_00021 613312
FabOnDisk: pml_Ex_fp_D_00022 0
FabOnDisk: pml_Ex_fp_D_00022 306656
FabOnDisk: pml_Ex_fp_D_00022 1088096
FabOnDisk: pml_Ex_fp_D_00024 0
FabOnDisk: pml_Ex_fp_D_00024 306656
FabOnDisk: pml_Ex_fp_D_00024 613312
FabOnDisk: pml_Ex_fp_D_00004 0
FabOnDisk: pml_Ex_fp_D_00004 306656
FabOnDisk: pml_Ex_fp_D_00004 1088096
FabOnDisk: pml_Ex_fp_D_00025 0
FabOnDisk: pml_Ex_fp_D_00025 306656
FabOnDisk: pml_Ex_fp_D_00025 613312
FabOnDisk: pml_Ex_fp_D_00004 1394752
FabOnDisk: pml_Ex_fp_D_00004 1701408
FabOnDisk: pml_Ex_fp_D_00004 2482848
FabOnDisk: pml_Ex_fp_D_00005 0
FabOnDisk: pml_Ex_fp_D_00005 306656
FabOnDisk: pml_Ex_fp_D_00005 613312
FabOnDisk: pml_Ex_fp_D_00023 0
FabOnDisk: pml_Ex_fp_D_00023 306656
FabOnDisk: pml_Ex_fp_D_00023 1088096
FabOnDisk: pml_Ex_fp_D_00005 1394752
FabOnDisk: pml_Ex_fp_D_00005 1701408
FabOnDisk: pml_Ex_fp_D_00005 2008064
FabOnDisk: pml_Ex_fp_D_00026 0
FabOnDisk: pml_Ex_fp_D_00026 306656
FabOnDisk: pml_Ex_fp_D_00026 1088096
FabOnDisk: pml_Ex_fp_D_00006 0
FabOnDisk: pml_Ex_fp_D_00006 306656
FabOnDisk: pml_Ex_fp_D_00006 613312
FabOnDisk: pml_Ex_fp_D_00027 0
FabOnDisk: pml_Ex_fp_D_00027 306656
FabOnDisk: pml_Ex_fp_D_00027 1088096
FabOnDisk: pml_Ex_fp_D_00029 0
FabOnDisk: pml_Ex_fp_D_00029 306656
FabOnDisk: pml_Ex_fp_D_00029 613312
FabOnDisk: pml_Ex_fp_D_00028 0
FabOnDisk: pml_Ex_fp_D_00028 306656
FabOnDisk: pml_Ex_fp_D_00028 1088096
FabOnDisk: pml_Ex_fp_D_00030 0
FabOnDisk: pml_Ex_fp_D_00030 306656
FabOnDisk: pml_Ex_fp_D_00030 613312
FabOnDisk: pml_Ex_fp_D_00006 1394752
FabOnDisk: pml_Ex_fp_D_00006 1701408
FabOnDisk: pml_Ex_fp_D_00006 2482848
FabOnDisk: pml_Ex_fp_D_00031 0
FabOnDisk: pml_Ex_fp_D_00031 306656
FabOnDisk: pml_Ex_fp_D_00031 613312
FabOnDisk: pml_Ex_fp_D_00007 0
FabOnDisk: pml_Ex_fp_D_00007 306656
FabOnDisk: pml_Ex_fp_D_00007 1088096
FabOnDisk: pml_Ex_fp_D_00007 1394752
FabOnDisk: pml_Ex_fp_D_00007 2387392
FabOnDisk: pml_Ex_fp_D_00007 2694048
FabOnDisk: pml_Ex_fp_D_00007 3000704
FabOnDisk: pml_Ex_fp_D_00007 3782144

((8, (64 11 52 0 1 12 0 1023)),(8, (8 7 6 5 4 3 2 1)))
