2
1
2
2
(124 0
((86,96,160) (96,128,191) (1,1,0))
((86,86,160) (170,96,191) (1,1,0))
((86,86,150) (170,128,159) (1,1,0))
((160,96,160) (170,128,191) (1,1,0))
((86,128,160) (96,160,191) (1,1,0))
((86,128,150) (170,170,159) (1,1,0))
((160,128,160) (170,160,191) (1,1,0))
((86,160,160) (170,170,191) (1,1,0))
((86,96,192) (96,128,223) (1,1,0))
((86,86,192) (170,96,223) (1,1,0))
((160,96,192) (170,128,223) (1,1,0))
((86,128,192) (96,160,223) (1,1,0))
((160,128,192) (170,160,223) (1,1,0))
((86,160,192) (170,170,223) (1,1,0))
((86,96,224) (96,128,255) (1,1,0))
((86,86,224) (170,96,255) (1,1,0))
((160,96,224) (170,128,255) (1,1,0))
((86,128,224) (96,160,255) (1,1,0))
((160,128,224) (170,160,255) (1,1,0))
((86,160,224) (170,170,255) (1,1,0))
((86,96,256) (96,128,287) (1,1,0))
((86,86,256) (170,96,287) (1,1,0))
((160,96,256) (170,128,287) (1,1,0))
((86,128,256) (96,160,287) (1,1,0))
((160,128,256) (170,160,287) (1,1,0))
((86,160,256) (170,170,287) (1,1,0))
((86,96,288) (96,128,319) (1,1,0))
((86,86,288) (170,96,319) (1,1,0))
((160,96,288) (170,128,319) (1,1,0))
((86,128,288) (96,160,319) (1,1,0))
((160,128,288) (170,160,319) (1,1,0))
((86,160,288) (170,170,319) (1,1,0))
((86,96,320) (96,128,351) (1,1,0))
((86,86,320) (170,96,351) (1,1,0))
((160,96,320) (170,128,351) (1,1,0))
((86,128,320) (96,160,351) (1,1,0))
((160,128,320) (170,160,351) (1,1,0))
((86,160,320) (170,170,351) (1,1,0))
((86,96,352) (96,128,383) (1,1,0))
((86,86,352) (170,96,383) (1,1,0))
((160,96,352) (170,128,383) (1,1,0))
((86,128,352) (96,160,383) (1,1,0))
((160,128,352) (170,160,383) (1,1,0))
((86,160,352) (170,170,383) (1,1,0))
((86,96,384) (96,128,415) (1,1,0))
((86,86,384) (170,96,415) (1,1,0))
((160,96,384) (170,128,415) (1,1,0))
((86,128,384) (96,160,415) (1,1,0))
((160,128,384) (170,160,415) (1,1,0))
((86,160,384) (170,170,415) (1,1,0))
((86,96,416) (96,128,447) (1,1,0))
((86,86,416) (170,96,447) (1,1,0))
((160,96,416) (170,128,447) (1,1,0))
((86,128,416) (96,160,447) (1,1,0))
((160,128,416) (170,160,447) (1,1,0))
((86,160,416) (170,170,447) (1,1,0))
((86,96,448) (96,128,479) (1,1,0))
((86,86,448) (170,96,479) (1,1,0))
((160,96,448) (170,128,479) (1,1,0))
((86,128,448) (96,160,479) (1,1,0))
((160,128,448) (170,160,479) (1,1,0))
((86,160,448) (170,170,479) (1,1,0))
((86,96,480) (96,128,511) (1,1,0))
((86,86,480) (170,96,511) (1,1,0))
((160,96,480) (170,128,511) (1,1,0))
((86,128,480) (96,160,511) (1,1,0))
((160,128,480) (170,160,511) (1,1,0))
((86,160,480) (170,170,511) (1,1,0))
((86,96,512) (96,128,543) (1,1,0))
((86,86,512) (170,96,543) (1,1,0))
((160,96,512) (170,128,543) (1,1,0))
((86,128,512) (96,160,543) (1,1,0))
((160,128,512) (170,160,543) (1,1,0))
((86,160,512) (170,170,543) (1,1,0))
((86,96,544) (96,128,575) (1,1,0))
((86,86,544) (170,96,575) (1,1,0))
((160,96,544) (170,128,575) (1,1,0))
((86,128,544) (96,160,575) (1,1,0))
((160,128,544) (170,160,575) (1,1,0))
((86,160,544) (170,170,575) (1,1,0))
((86,96,576) (96,128,607) (1,1,0))
((86,86,576) (170,96,607) (1,1,0))
((160,96,576) (170,128,607) (1,1,0))
((86,128,576) (96,160,607) (1,1,0))
((160,128,576) (170,160,607) (1,1,0))
((86,160,576) (170,170,607) (1,1,0))
((86,96,608) (96,128,639) (1,1,0))
((86,86,608) (170,96,639) (1,1,0))
((160,96,608) (170,128,639) (1,1,0))
((86,128,608) (96,160,639) (1,1,0))
((160,128,608) (170,160,639) (1,1,0))
((86,160,608) (170,170,639) (1,1,0))
((86,96,640) (96,128,671) (1,1,0))
((86,86,640) (170,96,671) (1,1,0))
((160,96,640) (170,128,671) (1,1,0))
((86,128,640) (96,160,671) (1,1,0))
((160,128,640) (170,160,671) (1,1,0))
((86,160,640) (170,170,671) (1,1,0))
((86,96,672) (96,128,703) (1,1,0))
((86,86,672) (170,96,703) (1,1,0))
((160,96,672) (170,128,703) (1,1,0))
((86,128,672) (96,160,703) (1,1,0))
((160,128,672) (170,160,703) (1,1,0))
((86,160,672) (170,170,703) (1,1,0))
((86,96,704) (96,128,735) (1,1,0))
((86,86,704) (170,96,735) (1,1,0))
((160,96,704) (170,128,735) (1,1,0))
((86,128,704) (96,160,735) (1,1,0))
((160,128,704) (170,160,735) (1,1,0))
((86,160,704) (170,170,735) (1,1,0))
((86,96,736) (96,128,767) (1,1,0))
((86,86,736) (170,96,767) (1,1,0))
((160,96,736) (170,128,767) (1,1,0))
((86,128,736) (96,160,767) (1,1,0))
((160,128,736) (170,160,767) (1,1,0))
((86,160,736) (170,170,767) (1,1,0))
((86,96,768) (96,128,799) (1,1,0))
((86,86,768) (170,96,799) (1,1,0))
((160,96,768) (170,128,799) (1,1,0))
((86,86,800) (170,128,809) (1,1,0))
((86,128,768) (96,160,799) (1,1,0))
((160,128,768) (170,160,799) (1,1,0))
((86,160,768) (170,170,799) (1,1,0))
((86,128,800) (170,170,809) (1,1,0))
)
124
FabOnDisk: pml_Ez_fp_D_00008 0
FabOnDisk: pml_Ez_fp_D_00008 319680
FabOnDisk: pml_Ez_fp_D_00008 1088640
FabOnDisk: pml_Ez_fp_D_00008 2025632
FabOnDisk: pml_Ez_fp_D_00000 0
FabOnDisk: pml_Ez_fp_D_00000 319680
FabOnDisk: pml_Ez_fp_D_00000 1256672
FabOnDisk: pml_Ez_fp_D_00000 1576352
FabOnDisk: pml_Ez_fp_D_00009 0
FabOnDisk: pml_Ez_fp_D_00009 319680
FabOnDisk: pml_Ez_fp_D_00009 1088640
FabOnDisk: pml_Ez_fp_D_00000 2345312
FabOnDisk: pml_Ez_fp_D_00000 2664992
FabOnDisk: pml_Ez_fp_D_00000 2984672
FabOnDisk: pml_Ez_fp_D_00010 0
FabOnDisk: pml_Ez_fp_D_00010 319680
FabOnDisk: pml_Ez_fp_D_00010 1088640
FabOnDisk: pml_Ez_fp_D_00011 0
FabOnDisk: pml_Ez_fp_D_00011 319680
FabOnDisk: pml_Ez_fp_D_00011 639360
FabOnDisk: pml_Ez_fp_D_00012 0
FabOnDisk: pml_Ez_fp_D_00012 319680
FabOnDisk: pml_Ez_fp_D_00012 1088640
FabOnDisk: pml_Ez_fp_D_00014 0
FabOnDisk: pml_Ez_fp_D_00014 319680
FabOnDisk: pml_Ez_fp_D_00014 639360
FabOnDisk: pml_Ez_fp_D_00013 0
FabOnDisk: pml_Ez_fp_D_00013 319680
FabOnDisk: pml_Ez_fp_D_00013 1088640
FabOnDisk: pml_Ez_fp_D_00015 0
FabOnDisk: pml_Ez_fp_D_00015 319680
FabOnDisk: pml_Ez_fp_D_00015 639360
FabOnDisk: pml_Ez_fp_D_00001 0
FabOnDisk: pml_Ez_fp_D_00001 319680
FabOnDisk: pml_Ez_fp_D_00001 1088640
FabOnDisk: pml_Ez_fp_D_00016 0
FabOnDisk: pml_Ez_fp_D_00016 319680
FabOnDisk: pml_Ez_fp_D_00016 639360
FabOnDisk: pml_Ez_fp_D_00001 1408320
FabOnDisk: pml_Ez_fp_D_00001 1728000
FabOnDisk: pml_Ez_fp_D_00001 2496960
FabOnDisk: pml_Ez_fp_D_00002 0
FabOnDisk: pml_Ez_fp_D_00002 319680
FabOnDisk: pml_Ez_fp_D_00002 639360
FabOnDisk: pml_Ez_fp_D_00002 1408320
FabOnDisk: pml_Ez_fp_D_00002 1728000
FabOnDisk: pml_Ez_fp_D_00002 2496960
FabOnDisk: pml_Ez_fp_D_00003 0
FabOnDisk: pml_Ez_fp_D_00003 319680
FabOnDisk: pml_Ez_fp_D_00003 639360
FabOnDisk: pml_Ez_fp_D_00017 0
FabOnDisk: pml_Ez_fp_D_00017 319680
FabOnDisk: pml_Ez_fp_D_00017 1088640
FabOnDisk: pml_Ez_fp_D_00003 1408320
FabOnDisk: pml_Ez_fp_D_00003 1728000
FabOnDisk: pml_Ez_fp_D_00003 2047680
FabOnDisk: pml_Ez_fp_D_00018 0
FabOnDisk: pml_Ez_fp_D_00018 319680
FabOnDisk: pml_Ez_fp_D_00018 1088640
FabOnDisk: pml_Ez_fp_D_00020 0
FabOnDisk: pml_Ez_fp_D_00020 319680
FabOnDisk: pml_Ez_fp_D_00020 639360
FabOnDisk: pml_Ez_fp_D_00019 0
FabOnDisk: pml_Ez_fp_D_00019 319680
FabOnDisk: pml_Ez_fp_D_00019 1088640
FabOnDisk: pml_Ez_fp_D_00021 0
FabOnDisk: pml_Ez_fp_D_00021 319680
FabOnDisk: pml_Ez_fp_D_00021 639360
FabOnDisk: pml_Ez_fp_D_00022 0
FabOnDisk: pml_Ez_fp_D_00022 319680
FabOnDisk: pml_Ez_fp_D_00022 1088640
FabOnDisk: pml_Ez_fp_D_00024 0
FabOnDisk: pml_Ez_fp_D_00024 319680
FabOnDisk: pml_Ez_fp_D_00024 639360
FabOnDisk: pml_Ez_fp_D_00004 0
FabOnDisk: pml_Ez_fp_D_00004 319680
FabOnDisk: pml_Ez_fp_D_00004 1088640
FabOnDisk: pml_Ez_fp_D_00025 0
FabOnDisk: pml_Ez_fp_D_00025 319680
FabOnDisk: pml_Ez_fp_D_00025 639360
FabOnDisk: pml_Ez_fp_D_00004 1408320
FabOnDisk: pml_Ez_fp_D_00004 1728000
FabOnDisk: pml_Ez_fp_D_00004 2496960
FabOnDisk: pml_Ez_fp_D_00005 0
FabOnDisk: pml_Ez_fp_D_00005 319680
FabOnDisk: pml_Ez_fp_D_00005 639360
FabOnDisk: pml_Ez_fp_D_00023 0
FabOnDisk: pml_Ez_fp_D_00023 319680
FabOnDisk: pml_Ez_fp_D_00023 1088640
FabOnDisk: pml_Ez_fp_D_00005 1408320
FabOnDisk: pml_Ez_fp_D_00005 1728000
FabOnDisk: pml_Ez_fp_D_00005 2047680
FabOnDisk: pml_Ez_fp_D_00026 0
FabOnDisk: pml_Ez_fp_D_00026 319680
FabOnDisk: pml_Ez_fp_D_00026 1088640
FabOnDisk: pml_Ez_fp_D_00006 0
FabOnDisk: pml_Ez_fp_D_00006 319680
FabOnDisk: pml_Ez_fp_D_00006 639360
FabOnDisk: pml_Ez_fp_D_00027 0
FabOnDisk: pml_Ez_fp_D_00027 319680
FabOnDisk: pml_Ez_fp_D_00027 1088640
FabOnDisk: pml_Ez_fp_D_00029 0
FabOnDisk: pml_Ez_fp_D_00029 319680
FabOnDisk: pml_Ez_fp_D_00029 639360
FabOnDisk: pml_Ez_fp_D_00028 0
FabOnDisk: pml_Ez_fp_D_00028 319680
FabOnDisk: pml_Ez_fp_D_00028 1088640
FabOnDisk: pml_Ez_fp_D_00030 0
FabOnDisk: pml_Ez_fp_D_00030 319680
FabOnDisk: pml_Ez_fp_D_00030 639360
FabOnDisk: pml_Ez_fp_D_00006 1408320
FabOnDisk: pml_Ez_fp_D_00006 1728000
FabOnDisk: pml_Ez_fp_D_00006 2496960
FabOnDisk: pml_Ez_fp_D_00031 0
FabOnDisk: pml_Ez_fp_D_00031 319680
FabOnDisk: pml_Ez_fp_D_00031 639360
FabOnDisk: pml_Ez_fp_D_00007 0
FabOnDisk: pml_Ez_fp_D_00007 319680
FabOnDisk: pml_Ez_fp_D_00007 1088640
FabOnDisk: pml_Ez_fp_D_00007 1408320
FabOnDisk: pml_Ez_fp_D_00007 2345312
FabOnDisk: pml_Ez_fp_D_00007 2664992
FabOnDisk: pml_Ez_fp_D_00007 2984672
FabOnDisk: pml_Ez_fp_D_00007 3753632

((8, (64 11 52 0 1 12 0 1023)),(8, (8 7 6 5 4 3 2 1)))
