2
1
2
2
(124 0
((86,96,160) (96,127,191) (1,0,0))
((86,86,160) (170,95,191) (1,0,0))
((86,86,150) (170,127,159) (1,0,0))
((160,96,160) (170,127,191) (1,0,0))
((86,128,160) (96,159,191) (1,0,0))
((86,128,150) (170,169,159) (1,0,0))
((160,128,160) (170,159,191) (1,0,0))
((86,160,160) (170,169,191) (1,0,0))
((86,96,192) (96,127,223) (1,0,0))
((86,86,192) (170,95,223) (1,0,0))
((160,96,192) (170,127,223) (1,0,0))
((86,128,192) (96,159,223) (1,0,0))
((160,128,192) (170,159,223) (1,0,0))
((86,160,192) (170,169,223) (1,0,0))
((86,96,224) (96,127,255) (1,0,0))
((86,86,224) (170,95,255) (1,0,0))
((160,96,224) (170,127,255) (1,0,0))
((86,128,224) (96,159,255) (1,0,0))
((160,128,224) (170,159,255) (1,0,0))
((86,160,224) (170,169,255) (1,0,0))
((86,96,256) (96,127,287) (1,0,0))
((86,86,256) (170,95,287) (1,0,0))
((160,96,256) (170,127,287) (1,0,0))
((86,128,256) (96,159,287) (1,0,0))
((160,128,256) (170,159,287) (1,0,0))
((86,160,256) (170,169,287) (1,0,0))
((86,96,288) (96,127,319) (1,0,0))
((86,86,288) (170,95,319) (1,0,0))
((160,96,288) (170,127,319) (1,0,0))
((86,128,288) (96,159,319) (1,0,0))
((160,128,288) (170,159,319) (1,0,0))
((86,160,288) (170,169,319) (1,0,0))
((86,96,320) (96,127,351) (1,0,0))
((86,86,320) (170,95,351) (1,0,0))
((160,96,320) (170,127,351) (1,0,0))
((86,128,320) (96,159,351) (1,0,0))
((160,128,320) (170,159,351) (1,0,0))
((86,160,320) (170,169,351) (1,0,0))
((86,96,352) (96,127,383) (1,0,0))
((86,86,352) (170,95,383) (1,0,0))
((160,96,352) (170,127,383) (1,0,0))
((86,128,352) (96,159,383) (1,0,0))
((160,128,352) (170,159,383) (1,0,0))
((86,160,352) (170,169,383) (1,0,0))
((86,96,384) (96,127,415) (1,0,0))
((86,86,384) (170,95,415) (1,0,0))
((160,96,384) (170,127,415) (1,0,0))
((86,128,384) (96,159,415) (1,0,0))
((160,128,384) (170,159,415) (1,0,0))
((86,160,384) (170,169,415) (1,0,0))
((86,96,416) (96,127,447) (1,0,0))
((86,86,416) (170,95,447) (1,0,0))
((160,96,416) (170,127,447) (1,0,0))
((86,128,416) (96,159,447) (1,0,0))
((160,128,416) (170,159,447) (1,0,0))
((86,160,416) (170,169,447) (1,0,0))
((86,96,448) (96,127,479) (1,0,0))
((86,86,448) (170,95,479) (1,0,0))
((160,96,448) (170,127,479) (1,0,0))
((86,128,448) (96,159,479) (1,0,0))
((160,128,448) (170,159,479) (1,0,0))
((86,160,448) (170,169,479) (1,0,0))
((86,96,480) (96,127,511) (1,0,0))
((86,86,480) (170,95,511) (1,0,0))
((160,96,480) (170,127,511) (1,0,0))
((86,128,480) (96,159,511) (1,0,0))
((160,128,480) (170,159,511) (1,0,0))
((86,160,480) (170,169,511) (1,0,0))
((86,96,512) (96,127,543) (1,0,0))
((86,86,512) (170,95,543) (1,0,0))
((160,96,512) (170,127,543) (1,0,0))
((86,128,512) (96,159,543) (1,0,0))
((160,128,512) (170,159,543) (1,0,0))
((86,160,512) (170,169,543) (1,0,0))
((86,96,544) (96,127,575) (1,0,0))
((86,86,544) (170,95,575) (1,0,0))
((160,96,544) (170,127,575) (1,0,0))
((86,128,544) (96,159,575) (1,0,0))
((160,128,544) (170,159,575) (1,0,0))
((86,160,544) (170,169,575) (1,0,0))
((86,96,576) (96,127,607) (1,0,0))
((86,86,576) (170,95,607) (1,0,0))
((160,96,576) (170,127,607) (1,0,0))
((86,128,576) (96,159,607) (1,0,0))
((160,128,576) (170,159,607) (1,0,0))
((86,160,576) (170,169,607) (1,0,0))
((86,96,608) (96,127,639) (1,0,0))
((86,86,608) (170,95,639) (1,0,0))
((160,96,608) (170,127,639) (1,0,0))
((86,128,608) (96,159,639) (1,0,0))
((160,128,608) (170,159,639) (1,0,0))
((86,160,608) (170,169,639) (1,0,0))
((86,96,640) (96,127,671) (1,0,0))
((86,86,640) (170,95,671) (1,0,0))
((160,96,640) (170,127,671) (1,0,0))
((86,128,640) (96,159,671) (1,0,0))
((160,128,640) (170,159,671) (1,0,0))
((86,160,640) (170,169,671) (1,0,0))
((86,96,672) (96,127,703) (1,0,0))
((86,86,672) (170,95,703) (1,0,0))
((160,96,672) (170,127,703) (1,0,0))
((86,128,672) (96,159,703) (1,0,0))
((160,128,672) (170,159,703) (1,0,0))
((86,160,672) (170,169,703) (1,0,0))
((86,96,704) (96,127,735) (1,0,0))
((86,86,704) (170,95,735) (1,0,0))
((160,96,704) (170,127,735) (1,0,0))
((86,128,704) (96,159,735) (1,0,0))
((160,128,704) (170,159,735) (1,0,0))
((86,160,704) (170,169,735) (1,0,0))
((86,96,736) (96,127,767) (1,0,0))
((86,86,736) (170,95,767) (1,0,0))
((160,96,736) (170,127,767) (1,0,0))
((86,128,736) (96,159,767) (1,0,0))
((160,128,736) (170,159,767) (1,0,0))
((86,160,736) (170,169,767) (1,0,0))
((86,96,768) (96,127,799) (1,0,0))
((86,86,768) (170,95,799) (1,0,0))
((160,96,768) (170,127,799) (1,0,0))
((86,86,800) (170,127,809) (1,0,0))
((86,128,768) (96,159,799) (1,0,0))
((160,128,768) (170,159,799) (1,0,0))
((86,160,768) (170,169,799) (1,0,0))
((86,128,800) (170,169,809) (1,0,0))
)
124
FabOnDisk: pml_Bx_fp_D_00008 0
FabOnDisk: pml_Bx_fp_D_00008 311040
FabOnDisk: pml_Bx_fp_D_00008 1028736
FabOnDisk: pml_Bx_fp_D_00008 1945792
FabOnDisk: pml_Bx_fp_D_00000 0
FabOnDisk: pml_Bx_fp_D_00000 311040
FabOnDisk: pml_Bx_fp_D_00000 1228096
FabOnDisk: pml_Bx_fp_D_00000 1539136
FabOnDisk: pml_Bx_fp_D_00009 0
FabOnDisk: pml_Bx_fp_D_00009 311040
FabOnDisk: pml_Bx_fp_D_00009 1028736
FabOnDisk: pml_Bx_fp_D_00000 2256832
FabOnDisk: pml_Bx_fp_D_00000 2567872
FabOnDisk: pml_Bx_fp_D_00000 2878912
FabOnDisk: pml_Bx_fp_D_00010 0
FabOnDisk: pml_Bx_fp_D_00010 311040
FabOnDisk: pml_Bx_fp_D_00010 1028736
FabOnDisk: pml_Bx_fp_D_00011 0
FabOnDisk: pml_Bx_fp_D_00011 311040
FabOnDisk: pml_Bx_fp_D_00011 622080
FabOnDisk: pml_Bx_fp_D_00012 0
FabOnDisk: pml_Bx_fp_D_00012 311040
FabOnDisk: pml_Bx_fp_D_00012 1028736
FabOnDisk: pml_Bx_fp_D_00014 0
FabOnDisk: pml_Bx_fp_D_00014 311040
FabOnDisk: pml_Bx_fp_D_00014 622080
FabOnDisk: pml_Bx_fp_D_00013 0
FabOnDisk: pml_Bx_fp_D_00013 311040
FabOnDisk: pml_Bx_fp_D_00013 1028736
FabOnDisk: pml_Bx_fp_D_00015 0
FabOnDisk: pml_Bx_fp_D_00015 311040
FabOnDisk: pml_Bx_fp_D_00015 622080
FabOnDisk: pml_Bx_fp_D_00001 0
FabOnDisk: pml_Bx_fp_D_00001 311040
FabOnDisk: pml_Bx_fp_D_00001 1028736
FabOnDisk: pml_Bx_fp_D_00016 0
FabOnDisk: pml_Bx_fp_D_00016 311040
FabOnDisk: pml_Bx_fp_D_00016 622080
FabOnDisk: pml_Bx_fp_D_00001 1339776
FabOnDisk: pml_Bx_fp_D_00001 1650816
FabOnDisk: pml_Bx_fp_D_00001 2368512
FabOnDisk: pml_Bx_fp_D_00002 0
FabOnDisk: pml_Bx_fp_D_00002 311040
FabOnDisk: pml_Bx_fp_D_00002 622080
FabOnDisk: pml_Bx_fp_D_00002 1339776
FabOnDisk: pml_Bx_fp_D_00002 1650816
FabOnDisk: pml_Bx_fp_D_00002 2368512
FabOnDisk: pml_Bx_fp_D_00003 0
FabOnDisk: pml_Bx_fp_D_00003 311040
FabOnDisk: pml_Bx_fp_D_00003 622080
FabOnDisk: pml_Bx_fp_D_00017 0
FabOnDisk: pml_Bx_fp_D_00017 311040
FabOnDisk: pml_Bx_fp_D_00017 1028736
FabOnDisk: pml_Bx_fp_D_00003 1339776
FabOnDisk: pml_Bx_fp_D_00003 1650816
FabOnDisk: pml_Bx_fp_D_00003 1961856
FabOnDisk: pml_Bx_fp_D_00018 0
FabOnDisk: pml_Bx_fp_D_00018 311040
FabOnDisk: pml_Bx_fp_D_00018 1028736
FabOnDisk: pml_Bx_fp_D_00020 0
FabOnDisk: pml_Bx_fp_D_00020 311040
FabOnDisk: pml_Bx_fp_D_00020 622080
FabOnDisk: pml_Bx_fp_D_00019 0
FabOnDisk: pml_Bx_fp_D_00019 311040
FabOnDisk: pml_Bx_fp_D_00019 1028736
FabOnDisk: pml_Bx_fp_D_00021 0
FabOnDisk: pml_Bx_fp_D_00021 311040
FabOnDisk: pml_Bx_fp_D_00021 622080
FabOnDisk: pml_Bx_fp_D_00022 0
FabOnDisk: pml_Bx_fp_D_00022 311040
FabOnDisk: pml_Bx_fp_D_00022 1028736
FabOnDisk: pml_Bx_fp_D_00024 0
FabOnDisk: pml_Bx_fp_D_00024 311040
FabOnDisk: pml_Bx_fp_D_00024 622080
FabOnDisk: pml_Bx_fp_D_00004 0
FabOnDisk: pml_Bx_fp_D_00004 311040
FabOnDisk: pml_Bx_fp_D_00004 1028736
FabOnDisk: pml_Bx_fp_D_00025 0
FabOnDisk: pml_Bx_fp_D_00025 311040
FabOnDisk: pml_Bx_fp_D_00025 622080
FabOnDisk: pml_Bx_fp_D_00004 1339776
FabOnDisk: pml_Bx_fp_D_00004 1650816
FabOnDisk: pml_Bx_fp_D_00004 2368512
FabOnDisk: pml_Bx_fp_D_00005 0
FabOnDisk: pml_Bx_fp_D_00005 311040
FabOnDisk: pml_Bx_fp_D_00005 622080
FabOnDisk: pml_Bx_fp_D_00023 0
FabOnDisk: pml_Bx_fp_D_00023 311040
FabOnDisk: pml_Bx_fp_D_00023 1028736
FabOnDisk: pml_Bx_fp_D_00005 1339776
FabOnDisk: pml_Bx_fp_D_00005 1650816
FabOnDisk: pml_Bx_fp_D_00005 1961856
FabOnDisk: pml_Bx_fp_D_00026 0
FabOnDisk: pml_Bx_fp_D_00026 311040
FabOnDisk: pml_Bx_fp_D_00026 1028736
FabOnDisk: pml_Bx_fp_D_00006 0
FabOnDisk: pml_Bx_fp_D_00006 311040
FabOnDisk: pml_Bx_fp_D_00006 622080
FabOnDisk: pml_Bx_fp_D_00027 0
FabOnDisk: pml_Bx_fp_D_00027 311040
FabOnDisk: pml_Bx_fp_D_00027 1028736
FabOnDisk: pml_Bx_fp_D_00029 0
FabOnDisk: pml_Bx_fp_D_00029 311040
FabOnDisk: pml_Bx_fp_D_00029 622080
FabOnDisk: pml_Bx_fp_D_00028 0
FabOnDisk: pml_Bx_fp_D_00028 311040
FabOnDisk: pml_Bx_fp_D_00028 1028736
FabOnDisk: pml_Bx_fp_D_00030 0
FabOnDisk: pml_Bx_fp_D_00030 311040
FabOnDisk: pml_Bx_fp_D_00030 622080
FabOnDisk: pml_Bx_fp_D_00006 1339776
FabOnDisk: pml_Bx_fp_D_00006 1650816
FabOnDisk: pml_Bx_fp_D_00006 2368512
FabOnDisk: pml_Bx_fp_D_00031 0
FabOnDisk: pml_Bx_fp_D_00031 311040
FabOnDisk: pml_Bx_fp_D_00031 622080
FabOnDisk: pml_Bx_fp_D_00007 0
FabOnDisk: pml_Bx_fp_D_00007 311040
FabOnDisk: pml_Bx_fp_D_00007 1028736
FabOnDisk: pml_Bx_fp_D_00007 1339776
FabOnDisk: pml_Bx_fp_D_00007 2256832
FabOnDisk: pml_Bx_fp_D_00007 2567872
FabOnDisk: pml_Bx_fp_D_00007 2878912
FabOnDisk: pml_Bx_fp_D_00007 3596608

((8, (64 11 52 0 1 12 0 1023)),(8, (8 7 6 5 4 3 2 1)))
