2
1
2
2
(124 0
((86,96,160) (95,128,191) (0,1,0))
((86,86,160) (169,96,191) (0,1,0))
((86,86,150) (169,128,159) (0,1,0))
((160,96,160) (169,128,191) (0,1,0))
((86,128,160) (95,160,191) (0,1,0))
((86,128,150) (169,170,159) (0,1,0))
((160,128,160) (169,160,191) (0,1,0))
((86,160,160) (169,170,191) (0,1,0))
((86,96,192) (95,128,223) (0,1,0))
((86,86,192) (169,96,223) (0,1,0))
((160,96,192) (169,128,223) (0,1,0))
((86,128,192) (95,160,223) (0,1,0))
((160,128,192) (169,160,223) (0,1,0))
((86,160,192) (169,170,223) (0,1,0))
((86,96,224) (95,128,255) (0,1,0))
((86,86,224) (169,96,255) (0,1,0))
((160,96,224) (169,128,255) (0,1,0))
((86,128,224) (95,160,255) (0,1,0))
((160,128,224) (169,160,255) (0,1,0))
((86,160,224) (169,170,255) (0,1,0))
((86,96,256) (95,128,287) (0,1,0))
((86,86,256) (169,96,287) (0,1,0))
((160,96,256) (169,128,287) (0,1,0))
((86,128,256) (95,160,287) (0,1,0))
((160,128,256) (169,160,287) (0,1,0))
((86,160,256) (169,170,287) (0,1,0))
((86,96,288) (95,128,319) (0,1,0))
((86,86,288) (169,96,319) (0,1,0))
((160,96,288) (169,128,319) (0,1,0))
((86,128,288) (95,160,319) (0,1,0))
((160,128,288) (169,160,319) (0,1,0))
((86,160,288) (169,170,319) (0,1,0))
((86,96,320) (95,128,351) (0,1,0))
((86,86,320) (169,96,351) (0,1,0))
((160,96,320) (169,128,351) (0,1,0))
((86,128,320) (95,160,351) (0,1,0))
((160,128,320) (169,160,351) (0,1,0))
((86,160,320) (169,170,351) (0,1,0))
((86,96,352) (95,128,383) (0,1,0))
((86,86,352) (169,96,383) (0,1,0))
((160,96,352) (169,128,383) (0,1,0))
((86,128,352) (95,160,383) (0,1,0))
((160,128,352) (169,160,383) (0,1,0))
((86,160,352) (169,170,383) (0,1,0))
((86,96,384) (95,128,415) (0,1,0))
((86,86,384) (169,96,415) (0,1,0))
((160,96,384) (169,128,415) (0,1,0))
((86,128,384) (95,160,415) (0,1,0))
((160,128,384) (169,160,415) (0,1,0))
((86,160,384) (169,170,415) (0,1,0))
((86,96,416) (95,128,447) (0,1,0))
((86,86,416) (169,96,447) (0,1,0))
((160,96,416) (169,128,447) (0,1,0))
((86,128,416) (95,160,447) (0,1,0))
((160,128,416) (169,160,447) (0,1,0))
((86,160,416) (169,170,447) (0,1,0))
((86,96,448) (95,128,479) (0,1,0))
((86,86,448) (169,96,479) (0,1,0))
((160,96,448) (169,128,479) (0,1,0))
((86,128,448) (95,160,479) (0,1,0))
((160,128,448) (169,160,479) (0,1,0))
((86,160,448) (169,170,479) (0,1,0))
((86,96,480) (95,128,511) (0,1,0))
((86,86,480) (169,96,511) (0,1,0))
((160,96,480) (169,128,511) (0,1,0))
((86,128,480) (95,160,511) (0,1,0))
((160,128,480) (169,160,511) (0,1,0))
((86,160,480) (169,170,511) (0,1,0))
((86,96,512) (95,128,543) (0,1,0))
((86,86,512) (169,96,543) (0,1,0))
((160,96,512) (169,128,543) (0,1,0))
((86,128,512) (95,160,543) (0,1,0))
((160,128,512) (169,160,543) (0,1,0))
((86,160,512) (169,170,543) (0,1,0))
((86,96,544) (95,128,575) (0,1,0))
((86,86,544) (169,96,575) (0,1,0))
((160,96,544) (169,128,575) (0,1,0))
((86,128,544) (95,160,575) (0,1,0))
((160,128,544) (169,160,575) (0,1,0))
((86,160,544) (169,170,575) (0,1,0))
((86,96,576) (95,128,607) (0,1,0))
((86,86,576) (169,96,607) (0,1,0))
((160,96,576) (169,128,607) (0,1,0))
((86,128,576) (95,160,607) (0,1,0))
((160,128,576) (169,160,607) (0,1,0))
((86,160,576) (169,170,607) (0,1,0))
((86,96,608) (95,128,639) (0,1,0))
((86,86,608) (169,96,639) (0,1,0))
((160,96,608) (169,128,639) (0,1,0))
((86,128,608) (95,160,639) (0,1,0))
((160,128,608) (169,160,639) (0,1,0))
((86,160,608) (169,170,639) (0,1,0))
((86,96,640) (95,128,671) (0,1,0))
((86,86,640) (169,96,671) (0,1,0))
((160,96,640) (169,128,671) (0,1,0))
((86,128,640) (95,160,671) (0,1,0))
((160,128,640) (169,160,671) (0,1,0))
((86,160,640) (169,170,671) (0,1,0))
((86,96,672) (95,128,703) (0,1,0))
((86,86,672) (169,96,703) (0,1,0))
((160,96,672) (169,128,703) (0,1,0))
((86,128,672) (95,160,703) (0,1,0))
((160,128,672) (169,160,703) (0,1,0))
((86,160,672) (169,170,703) (0,1,0))
((86,96,704) (95,128,735) (0,1,0))
((86,86,704) (169,96,735) (0,1,0))
((160,96,704) (169,128,735) (0,1,0))
((86,128,704) (95,160,735) (0,1,0))
((160,128,704) (169,160,735) (0,1,0))
((86,160,704) (169,170,735) (0,1,0))
((86,96,736) (95,128,767) (0,1,0))
((86,86,736) (169,96,767) (0,1,0))
((160,96,736) (169,128,767) (0,1,0))
((86,128,736) (95,160,767) (0,1,0))
((160,128,736) (169,160,767) (0,1,0))
((86,160,736) (169,170,767) (0,1,0))
((86,96,768) (95,128,799) (0,1,0))
((86,86,768) (169,96,799) (0,1,0))
((160,96,768) (169,128,799) (0,1,0))
((86,86,800) (169,128,809) (0,1,0))
((86,128,768) (95,160,799) (0,1,0))
((160,128,768) (169,160,799) (0,1,0))
((86,160,768) (169,170,799) (0,1,0))
((86,128,800) (169,170,809) (0,1,0))
)
124
FabOnDisk: pml_By_fp_D_00008 0
FabOnDisk: pml_By_fp_D_00008 298368
FabOnDisk: pml_By_fp_D_00008 1058688
FabOnDisk: pml_By_fp_D_00008 1985152
FabOnDisk: pml_By_fp_D_00000 0
FabOnDisk: pml_By_fp_D_00000 298368
FabOnDisk: pml_By_fp_D_00000 1224832
FabOnDisk: pml_By_fp_D_00000 1523200
FabOnDisk: pml_By_fp_D_00009 0
FabOnDisk: pml_By_fp_D_00009 298368
FabOnDisk: pml_By_fp_D_00009 1058688
FabOnDisk: pml_By_fp_D_00000 2283520
FabOnDisk: pml_By_fp_D_00000 2581888
FabOnDisk: pml_By_fp_D_00000 2880256
FabOnDisk: pml_By_fp_D_00010 0
FabOnDisk: pml_By_fp_D_00010 298368
FabOnDisk: pml_By_fp_D_00010 1058688
FabOnDisk: pml_By_fp_D_00011 0
FabOnDisk: pml_By_fp_D_00011 298368
FabOnDisk: pml_By_fp_D_00011 596736
FabOnDisk: pml_By_fp_D_00012 0
FabOnDisk: pml_By_fp_D_00012 298368
FabOnDisk: pml_By_fp_D_00012 1058688
FabOnDisk: pml_By_fp_D_00014 0
FabOnDisk: pml_By_fp_D_00014 298368
FabOnDisk: pml_By_fp_D_00014 596736
FabOnDisk: pml_By_fp_D_00013 0
FabOnDisk: pml_By_fp_D_00013 298368
FabOnDisk: pml_By_fp_D_00013 1058688
FabOnDisk: pml_By_fp_D_00015 0
FabOnDisk: pml_By_fp_D_00015 298368
FabOnDisk: pml_By_fp_D_00015 596736
FabOnDisk: pml_By_fp_D_00001 0
FabOnDisk: pml_By_fp_D_00001 298368
FabOnDisk: pml_By_fp_D_00001 1058688
FabOnDisk: pml_By_fp_D_00016 0
FabOnDisk: pml_By_fp_D_00016 298368
FabOnDisk: pml_By_fp_D_00016 596736
FabOnDisk: pml_By_fp_D_00001 1357056
FabOnDisk: pml_By_fp_D_00001 1655424
FabOnDisk: pml_By_fp_D_00001 2415744
FabOnDisk: pml_By_fp_D_00002 0
FabOnDisk: pml_By_fp_D_00002 298368
FabOnDisk: pml_By_fp_D_00002 596736
FabOnDisk: pml_By_fp_D_00002 1357056
FabOnDisk: pml_By_fp_D_00002 1655424
FabOnDisk: pml_By_fp_D_00002 2415744
FabOnDisk: pml_By_fp_D_00003 0
FabOnDisk: pml_By_fp_D_00003 298368
FabOnDisk: pml_By_fp_D_00003 596736
FabOnDisk: pml_By_fp_D_00017 0
FabOnDisk: pml_By_fp_D_00017 298368
FabOnDisk: pml_By_fp_D_00017 1058688
FabOnDisk: pml_By_fp_D_00003 1357056
FabOnDisk: pml_By_fp_D_00003 1655424
FabOnDisk: pml_By_fp_D_00003 1953792
FabOnDisk: pml_By_fp_D_00018 0
FabOnDisk: pml_By_fp_D_00018 298368
FabOnDisk: pml_By_fp_D_00018 1058688
FabOnDisk: pml_By_fp_D_00020 0
FabOnDisk: pml_By_fp_D_00020 298368
FabOnDisk: pml_By_fp_D_00020 596736
FabOnDisk: pml_By_fp_D_00019 0
FabOnDisk: pml_By_fp_D_00019 298368
FabOnDisk: pml_By_fp_D_00019 1058688
FabOnDisk: pml_By_fp_D_00021 0
FabOnDisk: pml_By_fp_D_00021 298368
FabOnDisk: pml_By_fp_D_00021 596736
FabOnDisk: pml_By_fp_D_00022 0
FabOnDisk: pml_By_fp_D_00022 298368
FabOnDisk: pml_By_fp_D_00022 1058688
FabOnDisk: pml_By_fp_D_00024 0
FabOnDisk: pml_By_fp_D_00024 298368
FabOnDisk: pml_By_fp_D_00024 596736
FabOnDisk: pml_By_fp_D_00004 0
FabOnDisk: pml_By_fp_D_00004 298368
FabOnDisk: pml_By_fp_D_00004 1058688
FabOnDisk: pml_By_fp_D_00025 0
FabOnDisk: pml_By_fp_D_00025 298368
FabOnDisk: pml_By_fp_D_00025 596736
FabOnDisk: pml_By_fp_D_00004 1357056
FabOnDisk: pml_By_fp_D_00004 1655424
FabOnDisk: pml_By_fp_D_00004 2415744
FabOnDisk: pml_By_fp_D_00005 0
FabOnDisk: pml_By_fp_D_00005 298368
FabOnDisk: pml_By_fp_D_00005 596736
FabOnDisk: pml_By_fp_D_00023 0
FabOnDisk: pml_By_fp_D_00023 298368
FabOnDisk: pml_By_fp_D_00023 1058688
FabOnDisk: pml_By_fp_D_00005 1357056
FabOnDisk: pml_By_fp_D_00005 1655424
FabOnDisk: pml_By_fp_D_00005 1953792
FabOnDisk: pml_By_fp_D_00026 0
FabOnDisk: pml_By_fp_D_00026 298368
FabOnDisk: pml_By_fp_D_00026 1058688
FabOnDisk: pml_By_fp_D_00006 0
FabOnDisk: pml_By_fp_D_00006 298368
FabOnDisk: pml_By_fp_D_00006 596736
FabOnDisk: pml_By_fp_D_00027 0
FabOnDisk: pml_By_fp_D_00027 298368
FabOnDisk: pml_By_fp_D_00027 1058688
FabOnDisk: pml_By_fp_D_00029 0
FabOnDisk: pml_By_fp_D_00029 298368
FabOnDisk: pml_By_fp_D_00029 596736
FabOnDisk: pml_By_fp_D_00028 0
FabOnDisk: pml_By_fp_D_00028 298368
FabOnDisk: pml_By_fp_D_00028 1058688
FabOnDisk: pml_By_fp_D_00030 0
FabOnDisk: pml_By_fp_D_00030 298368
FabOnDisk: pml_By_fp_D_00030 596736
FabOnDisk: pml_By_fp_D_00006 1357056
FabOnDisk: pml_By_fp_D_00006 1655424
FabOnDisk: pml_By_fp_D_00006 2415744
FabOnDisk: pml_By_fp_D_00031 0
FabOnDisk: pml_By_fp_D_00031 298368
FabOnDisk: pml_By_fp_D_00031 596736
FabOnDisk: pml_By_fp_D_00007 0
FabOnDisk: pml_By_fp_D_00007 298368
FabOnDisk: pml_By_fp_D_00007 1058688
FabOnDisk: pml_By_fp_D_00007 1357056
FabOnDisk: pml_By_fp_D_00007 2283520
FabOnDisk: pml_By_fp_D_00007 2581888
FabOnDisk: pml_By_fp_D_00007 2880256
FabOnDisk: pml_By_fp_D_00007 3640576

((8, (64 11 52 0 1 12 0 1023)),(8, (8 7 6 5 4 3 2 1)))
