2
1
2
1
(124 0
((43,48,80) (47,64,95) (0,1,0))
((43,43,80) (84,48,95) (0,1,0))
((43,43,75) (84,64,79) (0,1,0))
((80,48,80) (84,64,95) (0,1,0))
((43,64,80) (47,80,95) (0,1,0))
((43,64,75) (84,85,79) (0,1,0))
((80,64,80) (84,80,95) (0,1,0))
((43,80,80) (84,85,95) (0,1,0))
((43,48,96) (47,64,111) (0,1,0))
((43,43,96) (84,48,111) (0,1,0))
((80,48,96) (84,64,111) (0,1,0))
((43,64,96) (47,80,111) (0,1,0))
((80,64,96) (84,80,111) (0,1,0))
((43,80,96) (84,85,111) (0,1,0))
((43,48,112) (47,64,127) (0,1,0))
((43,43,112) (84,48,127) (0,1,0))
((80,48,112) (84,64,127) (0,1,0))
((43,64,112) (47,80,127) (0,1,0))
((80,64,112) (84,80,127) (0,1,0))
((43,80,112) (84,85,127) (0,1,0))
((43,48,128) (47,64,143) (0,1,0))
((43,43,128) (84,48,143) (0,1,0))
((80,48,128) (84,64,143) (0,1,0))
((43,64,128) (47,80,143) (0,1,0))
((80,64,128) (84,80,143) (0,1,0))
((43,80,128) (84,85,143) (0,1,0))
((43,48,144) (47,64,159) (0,1,0))
((43,43,144) (84,48,159) (0,1,0))
((80,48,144) (84,64,159) (0,1,0))
((43,64,144) (47,80,159) (0,1,0))
((80,64,144) (84,80,159) (0,1,0))
((43,80,144) (84,85,159) (0,1,0))
((43,48,160) (47,64,175) (0,1,0))
((43,43,160) (84,48,175) (0,1,0))
((80,48,160) (84,64,175) (0,1,0))
((43,64,160) (47,80,175) (0,1,0))
((80,64,160) (84,80,175) (0,1,0))
((43,80,160) (84,85,175) (0,1,0))
((43,48,176) (47,64,191) (0,1,0))
((43,43,176) (84,48,191) (0,1,0))
((80,48,176) (84,64,191) (0,1,0))
((43,64,176) (47,80,191) (0,1,0))
((80,64,176) (84,80,191) (0,1,0))
((43,80,176) (84,85,191) (0,1,0))
((43,48,192) (47,64,207) (0,1,0))
((43,43,192) (84,48,207) (0,1,0))
((80,48,192) (84,64,207) (0,1,0))
((43,64,192) (47,80,207) (0,1,0))
((80,64,192) (84,80,207) (0,1,0))
((43,80,192) (84,85,207) (0,1,0))
((43,48,208) (47,64,223) (0,1,0))
((43,43,208) (84,48,223) (0,1,0))
((80,48,208) (84,64,223) (0,1,0))
((43,64,208) (47,80,223) (0,1,0))
((80,64,208) (84,80,223) (0,1,0))
((43,80,208) (84,85,223) (0,1,0))
((43,48,224) (47,64,239) (0,1,0))
((43,43,224) (84,48,239) (0,1,0))
((80,48,224) (84,64,239) (0,1,0))
((43,64,224) (47,80,239) (0,1,0))
((80,64,224) (84,80,239) (0,1,0))
((43,80,224) (84,85,239) (0,1,0))
((43,48,240) (47,64,255) (0,1,0))
((43,43,240) (84,48,255) (0,1,0))
((80,48,240) (84,64,255) (0,1,0))
((43,64,240) (47,80,255) (0,1,0))
((80,64,240) (84,80,255) (0,1,0))
((43,80,240) (84,85,255) (0,1,0))
((43,48,256) (47,64,271) (0,1,0))
((43,43,256) (84,48,271) (0,1,0))
((80,48,256) (84,64,271) (0,1,0))
((43,64,256) (47,80,271) (0,1,0))
((80,64,256) (84,80,271) (0,1,0))
((43,80,256) (84,85,271) (0,1,0))
((43,48,272) (47,64,287) (0,1,0))
((43,43,272) (84,48,287) (0,1,0))
((80,48,272) (84,64,287) (0,1,0))
((43,64,272) (47,80,287) (0,1,0))
((80,64,272) (84,80,287) (0,1,0))
((43,80,272) (84,85,287) (0,1,0))
((43,48,288) (47,64,303) (0,1,0))
((43,43,288) (84,48,303) (0,1,0))
((80,48,288) (84,64,303) (0,1,0))
((43,64,288) (47,80,303) (0,1,0))
((80,64,288) (84,80,303) (0,1,0))
((43,80,288) (84,85,303) (0,1,0))
((43,48,304) (47,64,319) (0,1,0))
((43,43,304) (84,48,319) (0,1,0))
((80,48,304) (84,64,319) (0,1,0))
((43,64,304) (47,80,319) (0,1,0))
((80,64,304) (84,80,319) (0,1,0))
((43,80,304) (84,85,319) (0,1,0))
((43,48,320) (47,64,335) (0,1,0))
((43,43,320) (84,48,335) (0,1,0))
((80,48,320) (84,64,335) (0,1,0))
((43,64,320) (47,80,335) (0,1,0))
((80,64,320) (84,80,335) (0,1,0))
((43,80,320) (84,85,335) (0,1,0))
((43,48,336) (47,64,351) (0,1,0))
((43,43,336) (84,48,351) (0,1,0))
((80,48,336) (84,64,351) (0,1,0))
((43,64,336) (47,80,351) (0,1,0))
((80,64,336) (84,80,351) (0,1,0))
((43,80,336) (84,85,351) (0,1,0))
((43,48,352) (47,64,367) (0,1,0))
((43,43,352) (84,48,367) (0,1,0))
((80,48,352) (84,64,367) (0,1,0))
((43,64,352) (47,80,367) (0,1,0))
((80,64,352) (84,80,367) (0,1,0))
((43,80,352) (84,85,367) (0,1,0))
((43,48,368) (47,64,383) (0,1,0))
((43,43,368) (84,48,383) (0,1,0))
((80,48,368) (84,64,383) (0,1,0))
((43,64,368) (47,80,383) (0,1,0))
((80,64,368) (84,80,383) (0,1,0))
((43,80,368) (84,85,383) (0,1,0))
((43,48,384) (47,64,399) (0,1,0))
((43,43,384) (84,48,399) (0,1,0))
((80,48,384) (84,64,399) (0,1,0))
((43,43,400) (84,64,404) (0,1,0))
((43,64,384) (47,80,399) (0,1,0))
((80,64,384) (84,80,399) (0,1,0))
((43,80,384) (84,85,399) (0,1,0))
((43,64,400) (84,85,404) (0,1,0))
)
124
FabOnDisk: pml_By_cp_D_00008 0
FabOnDisk: pml_By_cp_D_00008 38304
FabOnDisk: pml_By_cp_D_00008 139680
FabOnDisk: pml_By_cp_D_00008 257952
FabOnDisk: pml_By_cp_D_00000 0
FabOnDisk: pml_By_cp_D_00000 38304
FabOnDisk: pml_By_cp_D_00000 156576
FabOnDisk: pml_By_cp_D_00000 194880
FabOnDisk: pml_By_cp_D_00009 0
FabOnDisk: pml_By_cp_D_00009 38304
FabOnDisk: pml_By_cp_D_00009 139680
FabOnDisk: pml_By_cp_D_00000 296256
FabOnDisk: pml_By_cp_D_00000 334560
FabOnDisk: pml_By_cp_D_00000 372864
FabOnDisk: pml_By_cp_D_00010 0
FabOnDisk: pml_By_cp_D_00010 38304
FabOnDisk: pml_By_cp_D_00010 139680
FabOnDisk: pml_By_cp_D_00011 0
FabOnDisk: pml_By_cp_D_00011 38304
FabOnDisk: pml_By_cp_D_00011 76608
FabOnDisk: pml_By_cp_D_00012 0
FabOnDisk: pml_By_cp_D_00012 38304
FabOnDisk: pml_By_cp_D_00012 139680
FabOnDisk: pml_By_cp_D_00014 0
FabOnDisk: pml_By_cp_D_00014 38304
FabOnDisk: pml_By_cp_D_00014 76608
FabOnDisk: pml_By_cp_D_00013 0
FabOnDisk: pml_By_cp_D_00013 38304
FabOnDisk: pml_By_cp_D_00013 139680
FabOnDisk: pml_By_cp_D_00015 0
FabOnDisk: pml_By_cp_D_00015 38304
FabOnDisk: pml_By_cp_D_00015 76608
FabOnDisk: pml_By_cp_D_00001 0
FabOnDisk: pml_By_cp_D_00001 38304
FabOnDisk: pml_By_cp_D_00001 139680
FabOnDisk: pml_By_cp_D_00016 0
FabOnDisk: pml_By_cp_D_00016 38304
FabOnDisk: pml_By_cp_D_00016 76608
FabOnDisk: pml_By_cp_D_00001 177984
FabOnDisk: pml_By_cp_D_00001 216288
FabOnDisk: pml_By_cp_D_00001 317664
FabOnDisk: pml_By_cp_D_00002 0
FabOnDisk: pml_By_cp_D_00002 38304
FabOnDisk: pml_By_cp_D_00002 76608
FabOnDisk: pml_By_cp_D_00002 177984
FabOnDisk: pml_By_cp_D_00002 216288
FabOnDisk: pml_By_cp_D_00002 317664
FabOnDisk: pml_By_cp_D_00003 0
FabOnDisk: pml_By_cp_D_00003 38304
FabOnDisk: pml_By_cp_D_00003 76608
FabOnDisk: pml_By_cp_D_00017 0
FabOnDisk: pml_By_cp_D_00017 38304
FabOnDisk: pml_By_cp_D_00017 139680
FabOnDisk: pml_By_cp_D_00003 177984
FabOnDisk: pml_By_cp_D_00003 216288
FabOnDisk: pml_By_cp_D_00003 254592
FabOnDisk: pml_By_cp_D_00018 0
FabOnDisk: pml_By_cp_D_00018 38304
FabOnDisk: pml_By_cp_D_00018 139680
FabOnDisk: pml_By_cp_D_00020 0
FabOnDisk: pml_By_cp_D_00020 38304
FabOnDisk: pml_By_cp_D_00020 76608
FabOnDisk: pml_By_cp_D_00019 0
FabOnDisk: pml_By_cp_D_00019 38304
FabOnDisk: pml_By_cp_D_00019 139680
FabOnDisk: pml_By_cp_D_00021 0
FabOnDisk: pml_By_cp_D_00021 38304
FabOnDisk: pml_By_cp_D_00021 76608
FabOnDisk: pml_By_cp_D_00022 0
FabOnDisk: pml_By_cp_D_00022 38304
FabOnDisk: pml_By_cp_D_00022 139680
FabOnDisk: pml_By_cp_D_00024 0
FabOnDisk: pml_By_cp_D_00024 38304
FabOnDisk: pml_By_cp_D_00024 76608
FabOnDisk: pml_By_cp_D_00004 0
FabOnDisk: pml_By_cp_D_00004 38304
FabOnDisk: pml_By_cp_D_00004 139680
FabOnDisk: pml_By_cp_D_00025 0
FabOnDisk: pml_By_cp_D_00025 38304
FabOnDisk: pml_By_cp_D_00025 76608
FabOnDisk: pml_By_cp_D_00004 177984
FabOnDisk: pml_By_cp_D_00004 216288
FabOnDisk: pml_By_cp_D_00004 317664
FabOnDisk: pml_By_cp_D_00005 0
FabOnDisk: pml_By_cp_D_00005 38304
FabOnDisk: pml_By_cp_D_00005 76608
FabOnDisk: pml_By_cp_D_00023 0
FabOnDisk: pml_By_cp_D_00023 38304
FabOnDisk: pml_By_cp_D_00023 139680
FabOnDisk: pml_By_cp_D_00005 177984
FabOnDisk: pml_By_cp_D_00005 216288
FabOnDisk: pml_By_cp_D_00005 254592
FabOnDisk: pml_By_cp_D_00026 0
FabOnDisk: pml_By_cp_D_00026 38304
FabOnDisk: pml_By_cp_D_00026 139680
FabOnDisk: pml_By_cp_D_00006 0
FabOnDisk: pml_By_cp_D_00006 38304
FabOnDisk: pml_By_cp_D_00006 76608
FabOnDisk: pml_By_cp_D_00027 0
FabOnDisk: pml_By_cp_D_00027 38304
FabOnDisk: pml_By_cp_D_00027 139680
FabOnDisk: pml_By_cp_D_00029 0
FabOnDisk: pml_By_cp_D_00029 38304
FabOnDisk: pml_By_cp_D_00029 76608
FabOnDisk: pml_By_cp_D_00028 0
FabOnDisk: pml_By_cp_D_00028 38304
FabOnDisk: pml_By_cp_D_00028 139680
FabOnDisk: pml_By_cp_D_00030 0
FabOnDisk: pml_By_cp_D_00030 38304
FabOnDisk: pml_By_cp_D_00030 76608
FabOnDisk: pml_By_cp_D_00006 177984
FabOnDisk: pml_By_cp_D_00006 216288
FabOnDisk: pml_By_cp_D_00006 317664
FabOnDisk: pml_By_cp_D_00031 0
FabOnDisk: pml_By_cp_D_00031 38304
FabOnDisk: pml_By_cp_D_00031 76608
FabOnDisk: pml_By_cp_D_00007 0
FabOnDisk: pml_By_cp_D_00007 38304
FabOnDisk: pml_By_cp_D_00007 139680
FabOnDisk: pml_By_cp_D_00007 177984
FabOnDisk: pml_By_cp_D_00007 296256
FabOnDisk: pml_By_cp_D_00007 334560
FabOnDisk: pml_By_cp_D_00007 372864
FabOnDisk: pml_By_cp_D_00007 474240

((8, (64 11 52 0 1 12 0 1023)),(8, (8 7 6 5 4 3 2 1)))
