2
1
2
1
(124 0
((43,48,80) (47,63,96) (0,0,1))
((43,43,80) (84,47,96) (0,0,1))
((43,43,75) (84,63,80) (0,0,1))
((80,48,80) (84,63,96) (0,0,1))
((43,64,80) (47,79,96) (0,0,1))
((43,64,75) (84,84,80) (0,0,1))
((80,64,80) (84,79,96) (0,0,1))
((43,80,80) (84,84,96) (0,0,1))
((43,48,96) (47,63,112) (0,0,1))
((43,43,96) (84,47,112) (0,0,1))
((80,48,96) (84,63,112) (0,0,1))
((43,64,96) (47,79,112) (0,0,1))
((80,64,96) (84,79,112) (0,0,1))
((43,80,96) (84,84,112) (0,0,1))
((43,48,112) (47,63,128) (0,0,1))
((43,43,112) (84,47,128) (0,0,1))
((80,48,112) (84,63,128) (0,0,1))
((43,64,112) (47,79,128) (0,0,1))
((80,64,112) (84,79,128) (0,0,1))
((43,80,112) (84,84,128) (0,0,1))
((43,48,128) (47,63,144) (0,0,1))
((43,43,128) (84,47,144) (0,0,1))
((80,48,128) (84,63,144) (0,0,1))
((43,64,128) (47,79,144) (0,0,1))
((80,64,128) (84,79,144) (0,0,1))
((43,80,128) (84,84,144) (0,0,1))
((43,48,144) (47,63,160) (0,0,1))
((43,43,144) (84,47,160) (0,0,1))
((80,48,144) (84,63,160) (0,0,1))
((43,64,144) (47,79,160) (0,0,1))
((80,64,144) (84,79,160) (0,0,1))
((43,80,144) (84,84,160) (0,0,1))
((43,48,160) (47,63,176) (0,0,1))
((43,43,160) (84,47,176) (0,0,1))
((80,48,160) (84,63,176) (0,0,1))
((43,64,160) (47,79,176) (0,0,1))
((80,64,160) (84,79,176) (0,0,1))
((43,80,160) (84,84,176) (0,0,1))
((43,48,176) (47,63,192) (0,0,1))
((43,43,176) (84,47,192) (0,0,1))
((80,48,176) (84,63,192) (0,0,1))
((43,64,176) (47,79,192) (0,0,1))
((80,64,176) (84,79,192) (0,0,1))
((43,80,176) (84,84,192) (0,0,1))
((43,48,192) (47,63,208) (0,0,1))
((43,43,192) (84,47,208) (0,0,1))
((80,48,192) (84,63,208) (0,0,1))
((43,64,192) (47,79,208) (0,0,1))
((80,64,192) (84,79,208) (0,0,1))
((43,80,192) (84,84,208) (0,0,1))
((43,48,208) (47,63,224) (0,0,1))
((43,43,208) (84,47,224) (0,0,1))
((80,48,208) (84,63,224) (0,0,1))
((43,64,208) (47,79,224) (0,0,1))
((80,64,208) (84,79,224) (0,0,1))
((43,80,208) (84,84,224) (0,0,1))
((43,48,224) (47,63,240) (0,0,1))
((43,43,224) (84,47,240) (0,0,1))
((80,48,224) (84,63,240) (0,0,1))
((43,64,224) (47,79,240) (0,0,1))
((80,64,224) (84,79,240) (0,0,1))
((43,80,224) (84,84,240) (0,0,1))
((43,48,240) (47,63,256) (0,0,1))
((43,43,240) (84,47,256) (0,0,1))
((80,48,240) (84,63,256) (0,0,1))
((43,64,240) (47,79,256) (0,0,1))
((80,64,240) (84,79,256) (0,0,1))
((43,80,240) (84,84,256) (0,0,1))
((43,48,256) (47,63,272) (0,0,1))
((43,43,256) (84,47,272) (0,0,1))
((80,48,256) (84,63,272) (0,0,1))
((43,64,256) (47,79,272) (0,0,1))
((80,64,256) (84,79,272) (0,0,1))
((43,80,256) (84,84,272) (0,0,1))
((43,48,272) (47,63,288) (0,0,1))
((43,43,272) (84,47,288) (0,0,1))
((80,48,272) (84,63,288) (0,0,1))
((43,64,272) (47,79,288) (0,0,1))
((80,64,272) (84,79,288) (0,0,1))
((43,80,272) (84,84,288) (0,0,1))
((43,48,288) (47,63,304) (0,0,1))
((43,43,288) (84,47,304) (0,0,1))
((80,48,288) (84,63,304) (0,0,1))
((43,64,288) (47,79,304) (0,0,1))
((80,64,288) (84,79,304) (0,0,1))
((43,80,288) (84,84,304) (0,0,1))
((43,48,304) (47,63,320) (0,0,1))
((43,43,304) (84,47,320) (0,0,1))
((80,48,304) (84,63,320) (0,0,1))
((43,64,304) (47,79,320) (0,0,1))
((80,64,304) (84,79,320) (0,0,1))
((43,80,304) (84,84,320) (0,0,1))
((43,48,320) (47,63,336) (0,0,1))
((43,43,320) (84,47,336) (0,0,1))
((80,48,320) (84,63,336) (0,0,1))
((43,64,320) (47,79,336) (0,0,1))
((80,64,320) (84,79,336) (0,0,1))
((43,80,320) (84,84,336) (0,0,1))
((43,48,336) (47,63,352) (0,0,1))
((43,43,336) (84,47,352) (0,0,1))
((80,48,336) (84,63,352) (0,0,1))
((43,64,336) (47,79,352) (0,0,1))
((80,64,336) (84,79,352) (0,0,1))
((43,80,336) (84,84,352) (0,0,1))
((43,48,352) (47,63,368) (0,0,1))
((43,43,352) (84,47,368) (0,0,1))
((80,48,352) (84,63,368) (0,0,1))
((43,64,352) (47,79,368) (0,0,1))
((80,64,352) (84,79,368) (0,0,1))
((43,80,352) (84,84,368) (0,0,1))
((43,48,368) (47,63,384) (0,0,1))
((43,43,368) (84,47,384) (0,0,1))
((80,48,368) (84,63,384) (0,0,1))
((43,64,368) (47,79,384) (0,0,1))
((80,64,368) (84,79,384) (0,0,1))
((43,80,368) (84,84,384) (0,0,1))
((43,48,384) (47,63,400) (0,0,1))
((43,43,384) (84,47,400) (0,0,1))
((80,48,384) (84,63,400) (0,0,1))
((43,43,400) (84,63,405) (0,0,1))
((43,64,384) (47,79,400) (0,0,1))
((80,64,384) (84,79,400) (0,0,1))
((43,80,384) (84,84,400) (0,0,1))
((43,64,400) (84,84,405) (0,0,1))
)
124
FabOnDisk: pml_Bz_cp_D_00008 0
FabOnDisk: pml_Bz_cp_D_00008 38304
FabOnDisk: pml_Bz_cp_D_00008 131936
FabOnDisk: pml_Bz_cp_D_00008 261472
FabOnDisk: pml_Bz_cp_D_00000 0
FabOnDisk: pml_Bz_cp_D_00000 38304
FabOnDisk: pml_Bz_cp_D_00000 167840
FabOnDisk: pml_Bz_cp_D_00000 206144
FabOnDisk: pml_Bz_cp_D_00009 0
FabOnDisk: pml_Bz_cp_D_00009 38304
FabOnDisk: pml_Bz_cp_D_00009 131936
FabOnDisk: pml_Bz_cp_D_00000 299776
FabOnDisk: pml_Bz_cp_D_00000 338080
FabOnDisk: pml_Bz_cp_D_00000 376384
FabOnDisk: pml_Bz_cp_D_00010 0
FabOnDisk: pml_Bz_cp_D_00010 38304
FabOnDisk: pml_Bz_cp_D_00010 131936
FabOnDisk: pml_Bz_cp_D_00011 0
FabOnDisk: pml_Bz_cp_D_00011 38304
FabOnDisk: pml_Bz_cp_D_00011 76608
FabOnDisk: pml_Bz_cp_D_00012 0
FabOnDisk: pml_Bz_cp_D_00012 38304
FabOnDisk: pml_Bz_cp_D_00012 131936
FabOnDisk: pml_Bz_cp_D_00014 0
FabOnDisk: pml_Bz_cp_D_00014 38304
FabOnDisk: pml_Bz_cp_D_00014 76608
FabOnDisk: pml_Bz_cp_D_00013 0
FabOnDisk: pml_Bz_cp_D_00013 38304
FabOnDisk: pml_Bz_cp_D_00013 131936
FabOnDisk: pml_Bz_cp_D_00015 0
FabOnDisk: pml_Bz_cp_D_00015 38304
FabOnDisk: pml_Bz_cp_D_00015 76608
FabOnDisk: pml_Bz_cp_D_00001 0
FabOnDisk: pml_Bz_cp_D_00001 38304
FabOnDisk: pml_Bz_cp_D_00001 131936
FabOnDisk: pml_Bz_cp_D_00016 0
FabOnDisk: pml_Bz_cp_D_00016 38304
FabOnDisk: pml_Bz_cp_D_00016 76608
FabOnDisk: pml_Bz_cp_D_00001 170240
FabOnDisk: pml_Bz_cp_D_00001 208544
FabOnDisk: pml_Bz_cp_D_00001 302176
FabOnDisk: pml_Bz_cp_D_00002 0
FabOnDisk: pml_Bz_cp_D_00002 38304
FabOnDisk: pml_Bz_cp_D_00002 76608
FabOnDisk: pml_Bz_cp_D_00002 170240
FabOnDisk: pml_Bz_cp_D_00002 208544
FabOnDisk: pml_Bz_cp_D_00002 302176
FabOnDisk: pml_Bz_cp_D_00003 0
FabOnDisk: pml_Bz_cp_D_00003 38304
FabOnDisk: pml_Bz_cp_D_00003 76608
FabOnDisk: pml_Bz_cp_D_00017 0
FabOnDisk: pml_Bz_cp_D_00017 38304
FabOnDisk: pml_Bz_cp_D_00017 131936
FabOnDisk: pml_Bz_cp_D_00003 170240
FabOnDisk: pml_Bz_cp_D_00003 208544
FabOnDisk: pml_Bz_cp_D_00003 246848
FabOnDisk: pml_Bz_cp_D_00018 0
FabOnDisk: pml_Bz_cp_D_00018 38304
FabOnDisk: pml_Bz_cp_D_00018 131936
FabOnDisk: pml_Bz_cp_D_00020 0
FabOnDisk: pml_Bz_cp_D_00020 38304
FabOnDisk: pml_Bz_cp_D_00020 76608
FabOnDisk: pml_Bz_cp_D_00019 0
FabOnDisk: pml_Bz_cp_D_00019 38304
FabOnDisk: pml_Bz_cp_D_00019 131936
FabOnDisk: pml_Bz_cp_D_00021 0
FabOnDisk: pml_Bz_cp_D_00021 38304
FabOnDisk: pml_Bz_cp_D_00021 76608
FabOnDisk: pml_Bz_cp_D_00022 0
FabOnDisk: pml_Bz_cp_D_00022 38304
FabOnDisk: pml_Bz_cp_D_00022 131936
FabOnDisk: pml_Bz_cp_D_00024 0
FabOnDisk: pml_Bz_cp_D_00024 38304
FabOnDisk: pml_Bz_cp_D_00024 76608
FabOnDisk: pml_Bz_cp_D_00004 0
FabOnDisk: pml_Bz_cp_D_00004 38304
FabOnDisk: pml_Bz_cp_D_00004 131936
FabOnDisk: pml_Bz_cp_D_00025 0
FabOnDisk: pml_Bz_cp_D_00025 38304
FabOnDisk: pml_Bz_cp_D_00025 76608
FabOnDisk: pml_Bz_cp_D_00004 170240
FabOnDisk: pml_Bz_cp_D_00004 208544
FabOnDisk: pml_Bz_cp_D_00004 302176
FabOnDisk: pml_Bz_cp_D_00005 0
FabOnDisk: pml_Bz_cp_D_00005 38304
FabOnDisk: pml_Bz_cp_D_00005 76608
FabOnDisk: pml_Bz_cp_D_00023 0
FabOnDisk: pml_Bz_cp_D_00023 38304
FabOnDisk: pml_Bz_cp_D_00023 131936
FabOnDisk: pml_Bz_cp_D_00005 170240
FabOnDisk: pml_Bz_cp_D_00005 208544
FabOnDisk: pml_Bz_cp_D_00005 246848
FabOnDisk: pml_Bz_cp_D_00026 0
FabOnDisk: pml_Bz_cp_D_00026 38304
FabOnDisk: pml_Bz_cp_D_00026 131936
FabOnDisk: pml_Bz_cp_D_00006 0
FabOnDisk: pml_Bz_cp_D_00006 38304
FabOnDisk: pml_Bz_cp_D_00006 76608
FabOnDisk: pml_Bz_cp_D_00027 0
FabOnDisk: pml_Bz_cp_D_00027 38304
FabOnDisk: pml_Bz_cp_D_00027 131936
FabOnDisk: pml_Bz_cp_D_00029 0
FabOnDisk: pml_Bz_cp_D_00029 38304
FabOnDisk: pml_Bz_cp_D_00029 76608
FabOnDisk: pml_Bz_cp_D_00028 0
FabOnDisk: pml_Bz_cp_D_00028 38304
FabOnDisk: pml_Bz_cp_D_00028 131936
FabOnDisk: pml_Bz_cp_D_00030 0
FabOnDisk: pml_Bz_cp_D_00030 38304
FabOnDisk: pml_Bz_cp_D_00030 76608
FabOnDisk: pml_Bz_cp_D_00006 170240
FabOnDisk: pml_Bz_cp_D_00006 208544
FabOnDisk: pml_Bz_cp_D_00006 302176
FabOnDisk: pml_Bz_cp_D_00031 0
FabOnDisk: pml_Bz_cp_D_00031 38304
FabOnDisk: pml_Bz_cp_D_00031 76608
FabOnDisk: pml_Bz_cp_D_00007 0
FabOnDisk: pml_Bz_cp_D_00007 38304
FabOnDisk: pml_Bz_cp_D_00007 131936
FabOnDisk: pml_Bz_cp_D_00007 170240
FabOnDisk: pml_Bz_cp_D_00007 299776
FabOnDisk: pml_Bz_cp_D_00007 338080
FabOnDisk: pml_Bz_cp_D_00007 376384
FabOnDisk: pml_Bz_cp_D_00007 470016

((8, (64 11 52 0 1 12 0 1023)),(8, (8 7 6 5 4 3 2 1)))
