2
1
2
2
(124 0
((86,96,160) (96,127,192) (1,0,1))
((86,86,160) (170,95,192) (1,0,1))
((86,86,150) (170,127,160) (1,0,1))
((160,96,160) (170,127,192) (1,0,1))
((86,128,160) (96,159,192) (1,0,1))
((86,128,150) (170,169,160) (1,0,1))
((160,128,160) (170,159,192) (1,0,1))
((86,160,160) (170,169,192) (1,0,1))
((86,96,192) (96,127,224) (1,0,1))
((86,86,192) (170,95,224) (1,0,1))
((160,96,192) (170,127,224) (1,0,1))
((86,128,192) (96,159,224) (1,0,1))
((160,128,192) (170,159,224) (1,0,1))
((86,160,192) (170,169,224) (1,0,1))
((86,96,224) (96,127,256) (1,0,1))
((86,86,224) (170,95,256) (1,0,1))
((160,96,224) (170,127,256) (1,0,1))
((86,128,224) (96,159,256) (1,0,1))
((160,128,224) (170,159,256) (1,0,1))
((86,160,224) (170,169,256) (1,0,1))
((86,96,256) (96,127,288) (1,0,1))
((86,86,256) (170,95,288) (1,0,1))
((160,96,256) (170,127,288) (1,0,1))
((86,128,256) (96,159,288) (1,0,1))
((160,128,256) (170,159,288) (1,0,1))
((86,160,256) (170,169,288) (1,0,1))
((86,96,288) (96,127,320) (1,0,1))
((86,86,288) (170,95,320) (1,0,1))
((160,96,288) (170,127,320) (1,0,1))
((86,128,288) (96,159,320) (1,0,1))
((160,128,288) (170,159,320) (1,0,1))
((86,160,288) (170,169,320) (1,0,1))
((86,96,320) (96,127,352) (1,0,1))
((86,86,320) (170,95,352) (1,0,1))
((160,96,320) (170,127,352) (1,0,1))
((86,128,320) (96,159,352) (1,0,1))
((160,128,320) (170,159,352) (1,0,1))
((86,160,320) (170,169,352) (1,0,1))
((86,96,352) (96,127,384) (1,0,1))
((86,86,352) (170,95,384) (1,0,1))
((160,96,352) (170,127,384) (1,0,1))
((86,128,352) (96,159,384) (1,0,1))
((160,128,352) (170,159,384) (1,0,1))
((86,160,352) (170,169,384) (1,0,1))
((86,96,384) (96,127,416) (1,0,1))
((86,86,384) (170,95,416) (1,0,1))
((160,96,384) (170,127,416) (1,0,1))
((86,128,384) (96,159,416) (1,0,1))
((160,128,384) (170,159,416) (1,0,1))
((86,160,384) (170,169,416) (1,0,1))
((86,96,416) (96,127,448) (1,0,1))
((86,86,416) (170,95,448) (1,0,1))
((160,96,416) (170,127,448) (1,0,1))
((86,128,416) (96,159,448) (1,0,1))
((160,128,416) (170,159,448) (1,0,1))
((86,160,416) (170,169,448) (1,0,1))
((86,96,448) (96,127,480) (1,0,1))
((86,86,448) (170,95,480) (1,0,1))
((160,96,448) (170,127,480) (1,0,1))
((86,128,448) (96,159,480) (1,0,1))
((160,128,448) (170,159,480) (1,0,1))
((86,160,448) (170,169,480) (1,0,1))
((86,96,480) (96,127,512) (1,0,1))
((86,86,480) (170,95,512) (1,0,1))
((160,96,480) (170,127,512) (1,0,1))
((86,128,480) (96,159,512) (1,0,1))
((160,128,480) (170,159,512) (1,0,1))
((86,160,480) (170,169,512) (1,0,1))
((86,96,512) (96,127,544) (1,0,1))
((86,86,512) (170,95,544) (1,0,1))
((160,96,512) (170,127,544) (1,0,1))
((86,128,512) (96,159,544) (1,0,1))
((160,128,512) (170,159,544) (1,0,1))
((86,160,512) (170,169,544) (1,0,1))
((86,96,544) (96,127,576) (1,0,1))
((86,86,544) (170,95,576) (1,0,1))
((160,96,544) (170,127,576) (1,0,1))
((86,128,544) (96,159,576) (1,0,1))
((160,128,544) (170,159,576) (1,0,1))
((86,160,544) (170,169,576) (1,0,1))
((86,96,576) (96,127,608) (1,0,1))
((86,86,576) (170,95,608) (1,0,1))
((160,96,576) (170,127,608) (1,0,1))
((86,128,576) (96,159,608) (1,0,1))
((160,128,576) (170,159,608) (1,0,1))
((86,160,576) (170,169,608) (1,0,1))
((86,96,608) (96,127,640) (1,0,1))
((86,86,608) (170,95,640) (1,0,1))
((160,96,608) (170,127,640) (1,0,1))
((86,128,608) (96,159,640) (1,0,1))
((160,128,608) (170,159,640) (1,0,1))
((86,160,608) (170,169,640) (1,0,1))
((86,96,640) (96,127,672) (1,0,1))
((86,86,640) (170,95,672) (1,0,1))
((160,96,640) (170,127,672) (1,0,1))
((86,128,640) (96,159,672) (1,0,1))
((160,128,640) (170,159,672) (1,0,1))
((86,160,640) (170,169,672) (1,0,1))
((86,96,672) (96,127,704) (1,0,1))
((86,86,672) (170,95,704) (1,0,1))
((160,96,672) (170,127,704) (1,0,1))
((86,128,672) (96,159,704) (1,0,1))
((160,128,672) (170,159,704) (1,0,1))
((86,160,672) (170,169,704) (1,0,1))
((86,96,704) (96,127,736) (1,0,1))
((86,86,704) (170,95,736) (1,0,1))
((160,96,704) (170,127,736) (1,0,1))
((86,128,704) (96,159,736) (1,0,1))
((160,128,704) (170,159,736) (1,0,1))
((86,160,704) (170,169,736) (1,0,1))
((86,96,736) (96,127,768) (1,0,1))
((86,86,736) (170,95,768) (1,0,1))
((160,96,736) (170,127,768) (1,0,1))
((86,128,736) (96,159,768) (1,0,1))
((160,128,736) (170,159,768) (1,0,1))
((86,160,736) (170,169,768) (1,0,1))
((86,96,768) (96,127,800) (1,0,1))
((86,86,768) (170,95,800) (1,0,1))
((160,96,768) (170,127,800) (1,0,1))
((86,86,800) (170,127,810) (1,0,1))
((86,128,768) (96,159,800) (1,0,1))
((160,128,768) (170,159,800) (1,0,1))
((86,160,768) (170,169,800) (1,0,1))
((86,128,800) (170,169,810) (1,0,1))
)
124
FabOnDisk: pml_Ey_fp_D_00008 0
FabOnDisk: pml_Ey_fp_D_00008 319680
FabOnDisk: pml_Ey_fp_D_00008 1057312
FabOnDisk: pml_Ey_fp_D_00008 2039872
FabOnDisk: pml_Ey_fp_D_00000 0
FabOnDisk: pml_Ey_fp_D_00000 319680
FabOnDisk: pml_Ey_fp_D_00000 1302240
FabOnDisk: pml_Ey_fp_D_00000 1621920
FabOnDisk: pml_Ey_fp_D_00009 0
FabOnDisk: pml_Ey_fp_D_00009 319680
FabOnDisk: pml_Ey_fp_D_00009 1057312
FabOnDisk: pml_Ey_fp_D_00000 2359552
FabOnDisk: pml_Ey_fp_D_00000 2679232
FabOnDisk: pml_Ey_fp_D_00000 2998912
FabOnDisk: pml_Ey_fp_D_00010 0
FabOnDisk: pml_Ey_fp_D_00010 319680
FabOnDisk: pml_Ey_fp_D_00010 1057312
FabOnDisk: pml_Ey_fp_D_00011 0
FabOnDisk: pml_Ey_fp_D_00011 319680
FabOnDisk: pml_Ey_fp_D_00011 639360
FabOnDisk: pml_Ey_fp_D_00012 0
FabOnDisk: pml_Ey_fp_D_00012 319680
FabOnDisk: pml_Ey_fp_D_00012 1057312
FabOnDisk: pml_Ey_fp_D_00014 0
FabOnDisk: pml_Ey_fp_D_00014 319680
FabOnDisk: pml_Ey_fp_D_00014 639360
FabOnDisk: pml_Ey_fp_D_00013 0
FabOnDisk: pml_Ey_fp_D_00013 319680
FabOnDisk: pml_Ey_fp_D_00013 1057312
FabOnDisk: pml_Ey_fp_D_00015 0
FabOnDisk: pml_Ey_fp_D_00015 319680
FabOnDisk: pml_Ey_fp_D_00015 639360
FabOnDisk: pml_Ey_fp_D_00001 0
FabOnDisk: pml_Ey_fp_D_00001 319680
FabOnDisk: pml_Ey_fp_D_00001 1057312
FabOnDisk: pml_Ey_fp_D_00016 0
FabOnDisk: pml_Ey_fp_D_00016 319680
FabOnDisk: pml_Ey_fp_D_00016 639360
FabOnDisk: pml_Ey_fp_D_00001 1376992
FabOnDisk: pml_Ey_fp_D_00001 1696672
FabOnDisk: pml_Ey_fp_D_00001 2434304
FabOnDisk: pml_Ey_fp_D_00002 0
FabOnDisk: pml_Ey_fp_D_00002 319680
FabOnDisk: pml_Ey_fp_D_00002 639360
FabOnDisk: pml_Ey_fp_D_00002 1376992
FabOnDisk: pml_Ey_fp_D_00002 1696672
FabOnDisk: pml_Ey_fp_D_00002 2434304
FabOnDisk: pml_Ey_fp_D_00003 0
FabOnDisk: pml_Ey_fp_D_00003 319680
FabOnDisk: pml_Ey_fp_D_00003 639360
FabOnDisk: pml_Ey_fp_D_00017 0
FabOnDisk: pml_Ey_fp_D_00017 319680
FabOnDisk: pml_Ey_fp_D_00017 1057312
FabOnDisk: pml_Ey_fp_D_00003 1376992
FabOnDisk: pml_Ey_fp_D_00003 1696672
FabOnDisk: pml_Ey_fp_D_00003 2016352
FabOnDisk: pml_Ey_fp_D_00018 0
FabOnDisk: pml_Ey_fp_D_00018 319680
FabOnDisk: pml_Ey_fp_D_00018 1057312
FabOnDisk: pml_Ey_fp_D_00020 0
FabOnDisk: pml_Ey_fp_D_00020 319680
FabOnDisk: pml_Ey_fp_D_00020 639360
FabOnDisk: pml_Ey_fp_D_00019 0
FabOnDisk: pml_Ey_fp_D_00019 319680
FabOnDisk: pml_Ey_fp_D_00019 1057312
FabOnDisk: pml_Ey_fp_D_00021 0
FabOnDisk: pml_Ey_fp_D_00021 319680
FabOnDisk: pml_Ey_fp_D_00021 639360
FabOnDisk: pml_Ey_fp_D_00022 0
FabOnDisk: pml_Ey_fp_D_00022 319680
FabOnDisk: pml_Ey_fp_D_00022 1057312
FabOnDisk: pml_Ey_fp_D_00024 0
FabOnDisk: pml_Ey_fp_D_00024 319680
FabOnDisk: pml_Ey_fp_D_00024 639360
FabOnDisk: pml_Ey_fp_D_00004 0
FabOnDisk: pml_Ey_fp_D_00004 319680
FabOnDisk: pml_Ey_fp_D_00004 1057312
FabOnDisk: pml_Ey_fp_D_00025 0
FabOnDisk: pml_Ey_fp_D_00025 319680
FabOnDisk: pml_Ey_fp_D_00025 639360
FabOnDisk: pml_Ey_fp_D_00004 1376992
FabOnDisk: pml_Ey_fp_D_00004 1696672
FabOnDisk: pml_Ey_fp_D_00004 2434304
FabOnDisk: pml_Ey_fp_D_00005 0
FabOnDisk: pml_Ey_fp_D_00005 319680
FabOnDisk: pml_Ey_fp_D_00005 639360
FabOnDisk: pml_Ey_fp_D_00023 0
FabOnDisk: pml_Ey_fp_D_00023 319680
FabOnDisk: pml_Ey_fp_D_00023 1057312
FabOnDisk: pml_Ey_fp_D_00005 1376992
FabOnDisk: pml_Ey_fp_D_00005 1696672
FabOnDisk: pml_Ey_fp_D_00005 2016352
FabOnDisk: pml_Ey_fp_D_00026 0
FabOnDisk: pml_Ey_fp_D_00026 319680
FabOnDisk: pml_Ey_fp_D_00026 1057312
FabOnDisk: pml_Ey_fp_D_00006 0
FabOnDisk: pml_Ey_fp_D_00006 319680
FabOnDisk: pml_Ey_fp_D_00006 639360
FabOnDisk: pml_Ey_fp_D_00027 0
FabOnDisk: pml_Ey_fp_D_00027 319680
FabOnDisk: pml_Ey_fp_D_00027 1057312
FabOnDisk: pml_Ey_fp_D_00029 0
FabOnDisk: pml_Ey_fp_D_00029 319680
FabOnDisk: pml_Ey_fp_D_00029 639360
FabOnDisk: pml_Ey_fp_D_00028 0
FabOnDisk: pml_Ey_fp_D_00028 319680
FabOnDisk: pml_Ey_fp_D_00028 1057312
FabOnDisk: pml_Ey_fp_D_00030 0
FabOnDisk: pml_Ey_fp_D_00030 319680
FabOnDisk: pml_Ey_fp_D_00030 639360
FabOnDisk: pml_Ey_fp_D_00006 1376992
FabOnDisk: pml_Ey_fp_D_00006 1696672
FabOnDisk: pml_Ey_fp_D_00006 2434304
FabOnDisk: pml_Ey_fp_D_00031 0
FabOnDisk: pml_Ey_fp_D_00031 319680
FabOnDisk: pml_Ey_fp_D_00031 639360
FabOnDisk: pml_Ey_fp_D_00007 0
FabOnDisk: pml_Ey_fp_D_00007 319680
FabOnDisk: pml_Ey_fp_D_00007 1057312
FabOnDisk: pml_Ey_fp_D_00007 1376992
FabOnDisk: pml_Ey_fp_D_00007 2359552
FabOnDisk: pml_Ey_fp_D_00007 2679232
FabOnDisk: pml_Ey_fp_D_00007 2998912
FabOnDisk: pml_Ey_fp_D_00007 3736544

((8, (64 11 52 0 1 12 0 1023)),(8, (8 7 6 5 4 3 2 1)))
