2
1
2
1
(124 0
((43,48,80) (47,64,96) (0,1,1))
((43,43,80) (84,48,96) (0,1,1))
((43,43,75) (84,64,80) (0,1,1))
((80,48,80) (84,64,96) (0,1,1))
((43,64,80) (47,80,96) (0,1,1))
((43,64,75) (84,85,80) (0,1,1))
((80,64,80) (84,80,96) (0,1,1))
((43,80,80) (84,85,96) (0,1,1))
((43,48,96) (47,64,112) (0,1,1))
((43,43,96) (84,48,112) (0,1,1))
((80,48,96) (84,64,112) (0,1,1))
((43,64,96) (47,80,112) (0,1,1))
((80,64,96) (84,80,112) (0,1,1))
((43,80,96) (84,85,112) (0,1,1))
((43,48,112) (47,64,128) (0,1,1))
((43,43,112) (84,48,128) (0,1,1))
((80,48,112) (84,64,128) (0,1,1))
((43,64,112) (47,80,128) (0,1,1))
((80,64,112) (84,80,128) (0,1,1))
((43,80,112) (84,85,128) (0,1,1))
((43,48,128) (47,64,144) (0,1,1))
((43,43,128) (84,48,144) (0,1,1))
((80,48,128) (84,64,144) (0,1,1))
((43,64,128) (47,80,144) (0,1,1))
((80,64,128) (84,80,144) (0,1,1))
((43,80,128) (84,85,144) (0,1,1))
((43,48,144) (47,64,160) (0,1,1))
((43,43,144) (84,48,160) (0,1,1))
((80,48,144) (84,64,160) (0,1,1))
((43,64,144) (47,80,160) (0,1,1))
((80,64,144) (84,80,160) (0,1,1))
((43,80,144) (84,85,160) (0,1,1))
((43,48,160) (47,64,176) (0,1,1))
((43,43,160) (84,48,176) (0,1,1))
((80,48,160) (84,64,176) (0,1,1))
((43,64,160) (47,80,176) (0,1,1))
((80,64,160) (84,80,176) (0,1,1))
((43,80,160) (84,85,176) (0,1,1))
((43,48,176) (47,64,192) (0,1,1))
((43,43,176) (84,48,192) (0,1,1))
((80,48,176) (84,64,192) (0,1,1))
((43,64,176) (47,80,192) (0,1,1))
((80,64,176) (84,80,192) (0,1,1))
((43,80,176) (84,85,192) (0,1,1))
((43,48,192) (47,64,208) (0,1,1))
((43,43,192) (84,48,208) (0,1,1))
((80,48,192) (84,64,208) (0,1,1))
((43,64,192) (47,80,208) (0,1,1))
((80,64,192) (84,80,208) (0,1,1))
((43,80,192) (84,85,208) (0,1,1))
((43,48,208) (47,64,224) (0,1,1))
((43,43,208) (84,48,224) (0,1,1))
((80,48,208) (84,64,224) (0,1,1))
((43,64,208) (47,80,224) (0,1,1))
((80,64,208) (84,80,224) (0,1,1))
((43,80,208) (84,85,224) (0,1,1))
((43,48,224) (47,64,240) (0,1,1))
((43,43,224) (84,48,240) (0,1,1))
((80,48,224) (84,64,240) (0,1,1))
((43,64,224) (47,80,240) (0,1,1))
((80,64,224) (84,80,240) (0,1,1))
((43,80,224) (84,85,240) (0,1,1))
((43,48,240) (47,64,256) (0,1,1))
((43,43,240) (84,48,256) (0,1,1))
((80,48,240) (84,64,256) (0,1,1))
((43,64,240) (47,80,256) (0,1,1))
((80,64,240) (84,80,256) (0,1,1))
((43,80,240) (84,85,256) (0,1,1))
((43,48,256) (47,64,272) (0,1,1))
((43,43,256) (84,48,272) (0,1,1))
((80,48,256) (84,64,272) (0,1,1))
((43,64,256) (47,80,272) (0,1,1))
((80,64,256) (84,80,272) (0,1,1))
((43,80,256) (84,85,272) (0,1,1))
((43,48,272) (47,64,288) (0,1,1))
((43,43,272) (84,48,288) (0,1,1))
((80,48,272) (84,64,288) (0,1,1))
((43,64,272) (47,80,288) (0,1,1))
((80,64,272) (84,80,288) (0,1,1))
((43,80,272) (84,85,288) (0,1,1))
((43,48,288) (47,64,304) (0,1,1))
((43,43,288) (84,48,304) (0,1,1))
((80,48,288) (84,64,304) (0,1,1))
((43,64,288) (47,80,304) (0,1,1))
((80,64,288) (84,80,304) (0,1,1))
((43,80,288) (84,85,304) (0,1,1))
((43,48,304) (47,64,320) (0,1,1))
((43,43,304) (84,48,320) (0,1,1))
((80,48,304) (84,64,320) (0,1,1))
((43,64,304) (47,80,320) (0,1,1))
((80,64,304) (84,80,320) (0,1,1))
((43,80,304) (84,85,320) (0,1,1))
((43,48,320) (47,64,336) (0,1,1))
((43,43,320) (84,48,336) (0,1,1))
((80,48,320) (84,64,336) (0,1,1))
((43,64,320) (47,80,336) (0,1,1))
((80,64,320) (84,80,336) (0,1,1))
((43,80,320) (84,85,336) (0,1,1))
((43,48,336) (47,64,352) (0,1,1))
((43,43,336) (84,48,352) (0,1,1))
((80,48,336) (84,64,352) (0,1,1))
((43,64,336) (47,80,352) (0,1,1))
((80,64,336) (84,80,352) (0,1,1))
((43,80,336) (84,85,352) (0,1,1))
((43,48,352) (47,64,368) (0,1,1))
((43,43,352) (84,48,368) (0,1,1))
((80,48,352) (84,64,368) (0,1,1))
((43,64,352) (47,80,368) (0,1,1))
((80,64,352) (84,80,368) (0,1,1))
((43,80,352) (84,85,368) (0,1,1))
((43,48,368) (47,64,384) (0,1,1))
((43,43,368) (84,48,384) (0,1,1))
((80,48,368) (84,64,384) (0,1,1))
((43,64,368) (47,80,384) (0,1,1))
((80,64,368) (84,80,384) (0,1,1))
((43,80,368) (84,85,384) (0,1,1))
((43,48,384) (47,64,400) (0,1,1))
((43,43,384) (84,48,400) (0,1,1))
((80,48,384) (84,64,400) (0,1,1))
((43,43,400) (84,64,405) (0,1,1))
((43,64,384) (47,80,400) (0,1,1))
((80,64,384) (84,80,400) (0,1,1))
((43,80,384) (84,85,400) (0,1,1))
((43,64,400) (84,85,405) (0,1,1))
)
124
FabOnDisk: pml_Ex_cp_D_00008 0
FabOnDisk: pml_Ex_cp_D_00008 40432
FabOnDisk: pml_Ex_cp_D_00008 147440
FabOnDisk: pml_Ex_cp_D_00008 282608
FabOnDisk: pml_Ex_cp_D_00000 0
FabOnDisk: pml_Ex_cp_D_00000 40432
FabOnDisk: pml_Ex_cp_D_00000 175600
FabOnDisk: pml_Ex_cp_D_00000 216032
FabOnDisk: pml_Ex_cp_D_00009 0
FabOnDisk: pml_Ex_cp_D_00009 40432
FabOnDisk: pml_Ex_cp_D_00009 147440
FabOnDisk: pml_Ex_cp_D_00000 323040
FabOnDisk: pml_Ex_cp_D_00000 363472
FabOnDisk: pml_Ex_cp_D_00000 403904
FabOnDisk: pml_Ex_cp_D_00010 0
FabOnDisk: pml_Ex_cp_D_00010 40432
FabOnDisk: pml_Ex_cp_D_00010 147440
FabOnDisk: pml_Ex_cp_D_00011 0
FabOnDisk: pml_Ex_cp_D_00011 40432
FabOnDisk: pml_Ex_cp_D_00011 80864
FabOnDisk: pml_Ex_cp_D_00012 0
FabOnDisk: pml_Ex_cp_D_00012 40432
FabOnDisk: pml_Ex_cp_D_00012 147440
FabOnDisk: pml_Ex_cp_D_00014 0
FabOnDisk: pml_Ex_cp_D_00014 40432
FabOnDisk: pml_Ex_cp_D_00014 80864
FabOnDisk: pml_Ex_cp_D_00013 0
FabOnDisk: pml_Ex_cp_D_00013 40432
FabOnDisk: pml_Ex_cp_D_00013 147440
FabOnDisk: pml_Ex_cp_D_00015 0
FabOnDisk: pml_Ex_cp_D_00015 40432
FabOnDisk: pml_Ex_cp_D_00015 80864
FabOnDisk: pml_Ex_cp_D_00001 0
FabOnDisk: pml_Ex_cp_D_00001 40432
FabOnDisk: pml_Ex_cp_D_00001 147440
FabOnDisk: pml_Ex_cp_D_00016 0
FabOnDisk: pml_Ex_cp_D_00016 40432
FabOnDisk: pml_Ex_cp_D_00016 80864
FabOnDisk: pml_Ex_cp_D_00001 187872
FabOnDisk: pml_Ex_cp_D_00001 228304
FabOnDisk: pml_Ex_cp_D_00001 335312
FabOnDisk: pml_Ex_cp_D_00002 0
FabOnDisk: pml_Ex_cp_D_00002 40432
FabOnDisk: pml_Ex_cp_D_00002 80864
FabOnDisk: pml_Ex_cp_D_00002 187872
FabOnDisk: pml_Ex_cp_D_00002 228304
FabOnDisk: pml_Ex_cp_D_00002 335312
FabOnDisk: pml_Ex_cp_D_00003 0
FabOnDisk: pml_Ex_cp_D_00003 40432
FabOnDisk: pml_Ex_cp_D_00003 80864
FabOnDisk: pml_Ex_cp_D_00017 0
FabOnDisk: pml_Ex_cp_D_00017 40432
FabOnDisk: pml_Ex_cp_D_00017 147440
FabOnDisk: pml_Ex_cp_D_00003 187872
FabOnDisk: pml_Ex_cp_D_00003 228304
FabOnDisk: pml_Ex_cp_D_00003 268736
FabOnDisk: pml_Ex_cp_D_00018 0
FabOnDisk: pml_Ex_cp_D_00018 40432
FabOnDisk: pml_Ex_cp_D_00018 147440
FabOnDisk: pml_Ex_cp_D_00020 0
FabOnDisk: pml_Ex_cp_D_00020 40432
FabOnDisk: pml_Ex_cp_D_00020 80864
FabOnDisk: pml_Ex_cp_D_00019 0
FabOnDisk: pml_Ex_cp_D_00019 40432
FabOnDisk: pml_Ex_cp_D_00019 147440
FabOnDisk: pml_Ex_cp_D_00021 0
FabOnDisk: pml_Ex_cp_D_00021 40432
FabOnDisk: pml_Ex_cp_D_00021 80864
FabOnDisk: pml_Ex_cp_D_00022 0
FabOnDisk: pml_Ex_cp_D_00022 40432
FabOnDisk: pml_Ex_cp_D_00022 147440
FabOnDisk: pml_Ex_cp_D_00024 0
FabOnDisk: pml_Ex_cp_D_00024 40432
FabOnDisk: pml_Ex_cp_D_00024 80864
FabOnDisk: pml_Ex_cp_D_00004 0
FabOnDisk: pml_Ex_cp_D_00004 40432
FabOnDisk: pml_Ex_cp_D_00004 147440
FabOnDisk: pml_Ex_cp_D_00025 0
FabOnDisk: pml_Ex_cp_D_00025 40432
FabOnDisk: pml_Ex_cp_D_00025 80864
FabOnDisk: pml_Ex_cp_D_00004 187872
FabOnDisk: pml_Ex_cp_D_00004 228304
FabOnDisk: pml_Ex_cp_D_00004 335312
FabOnDisk: pml_Ex_cp_D_00005 0
FabOnDisk: pml_Ex_cp_D_00005 40432
FabOnDisk: pml_Ex_cp_D_00005 80864
FabOnDisk: pml_Ex_cp_D_00023 0
FabOnDisk: pml_Ex_cp_D_00023 40432
FabOnDisk: pml_Ex_cp_D_00023 147440
FabOnDisk: pml_Ex_cp_D_00005 187872
FabOnDisk: pml_Ex_cp_D_00005 228304
FabOnDisk: pml_Ex_cp_D_00005 268736
FabOnDisk: pml_Ex_cp_D_00026 0
FabOnDisk: pml_Ex_cp_D_00026 40432
FabOnDisk: pml_Ex_cp_D_00026 147440
FabOnDisk: pml_Ex_cp_D_00006 0
FabOnDisk: pml_Ex_cp_D_00006 40432
FabOnDisk: pml_Ex_cp_D_00006 80864
FabOnDisk: pml_Ex_cp_D_00027 0
FabOnDisk: pml_Ex_cp_D_00027 40432
FabOnDisk: pml_Ex_cp_D_00027 147440
FabOnDisk: pml_Ex_cp_D_00029 0
FabOnDisk: pml_Ex_cp_D_00029 40432
FabOnDisk: pml_Ex_cp_D_00029 80864
FabOnDisk: pml_Ex_cp_D_00028 0
FabOnDisk: pml_Ex_cp_D_00028 40432
FabOnDisk: pml_Ex_cp_D_00028 147440
FabOnDisk: pml_Ex_cp_D_00030 0
FabOnDisk: pml_Ex_cp_D_00030 40432
FabOnDisk: pml_Ex_cp_D_00030 80864
FabOnDisk: pml_Ex_cp_D_00006 187872
FabOnDisk: pml_Ex_cp_D_00006 228304
FabOnDisk: pml_Ex_cp_D_00006 335312
FabOnDisk: pml_Ex_cp_D_00031 0
FabOnDisk: pml_Ex_cp_D_00031 40432
FabOnDisk: pml_Ex_cp_D_00031 80864
FabOnDisk: pml_Ex_cp_D_00007 0
FabOnDisk: pml_Ex_cp_D_00007 40432
FabOnDisk: pml_Ex_cp_D_00007 147440
FabOnDisk: pml_Ex_cp_D_00007 187872
FabOnDisk: pml_Ex_cp_D_00007 323040
FabOnDisk: pml_Ex_cp_D_00007 363472
FabOnDisk: pml_Ex_cp_D_00007 403904
FabOnDisk: pml_Ex_cp_D_00007 510912

((8, (64 11 52 0 1 12 0 1023)),(8, (8 7 6 5 4 3 2 1)))
