2
1
2
1
(124 0
((43,48,80) (48,64,95) (1,1,0))
((43,43,80) (85,48,95) (1,1,0))
((43,43,75) (85,64,79) (1,1,0))
((80,48,80) (85,64,95) (1,1,0))
((43,64,80) (48,80,95) (1,1,0))
((43,64,75) (85,85,79) (1,1,0))
((80,64,80) (85,80,95) (1,1,0))
((43,80,80) (85,85,95) (1,1,0))
((43,48,96) (48,64,111) (1,1,0))
((43,43,96) (85,48,111) (1,1,0))
((80,48,96) (85,64,111) (1,1,0))
((43,64,96) (48,80,111) (1,1,0))
((80,64,96) (85,80,111) (1,1,0))
((43,80,96) (85,85,111) (1,1,0))
((43,48,112) (48,64,127) (1,1,0))
((43,43,112) (85,48,127) (1,1,0))
((80,48,112) (85,64,127) (1,1,0))
((43,64,112) (48,80,127) (1,1,0))
((80,64,112) (85,80,127) (1,1,0))
((43,80,112) (85,85,127) (1,1,0))
((43,48,128) (48,64,143) (1,1,0))
((43,43,128) (85,48,143) (1,1,0))
((80,48,128) (85,64,143) (1,1,0))
((43,64,128) (48,80,143) (1,1,0))
((80,64,128) (85,80,143) (1,1,0))
((43,80,128) (85,85,143) (1,1,0))
((43,48,144) (48,64,159) (1,1,0))
((43,43,144) (85,48,159) (1,1,0))
((80,48,144) (85,64,159) (1,1,0))
((43,64,144) (48,80,159) (1,1,0))
((80,64,144) (85,80,159) (1,1,0))
((43,80,144) (85,85,159) (1,1,0))
((43,48,160) (48,64,175) (1,1,0))
((43,43,160) (85,48,175) (1,1,0))
((80,48,160) (85,64,175) (1,1,0))
((43,64,160) (48,80,175) (1,1,0))
((80,64,160) (85,80,175) (1,1,0))
((43,80,160) (85,85,175) (1,1,0))
((43,48,176) (48,64,191) (1,1,0))
((43,43,176) (85,48,191) (1,1,0))
((80,48,176) (85,64,191) (1,1,0))
((43,64,176) (48,80,191) (1,1,0))
((80,64,176) (85,80,191) (1,1,0))
((43,80,176) (85,85,191) (1,1,0))
((43,48,192) (48,64,207) (1,1,0))
((43,43,192) (85,48,207) (1,1,0))
((80,48,192) (85,64,207) (1,1,0))
((43,64,192) (48,80,207) (1,1,0))
((80,64,192) (85,80,207) (1,1,0))
((43,80,192) (85,85,207) (1,1,0))
((43,48,208) (48,64,223) (1,1,0))
((43,43,208) (85,48,223) (1,1,0))
((80,48,208) (85,64,223) (1,1,0))
((43,64,208) (48,80,223) (1,1,0))
((80,64,208) (85,80,223) (1,1,0))
((43,80,208) (85,85,223) (1,1,0))
((43,48,224) (48,64,239) (1,1,0))
((43,43,224) (85,48,239) (1,1,0))
((80,48,224) (85,64,239) (1,1,0))
((43,64,224) (48,80,239) (1,1,0))
((80,64,224) (85,80,239) (1,1,0))
((43,80,224) (85,85,239) (1,1,0))
((43,48,240) (48,64,255) (1,1,0))
((43,43,240) (85,48,255) (1,1,0))
((80,48,240) (85,64,255) (1,1,0))
((43,64,240) (48,80,255) (1,1,0))
((80,64,240) (85,80,255) (1,1,0))
((43,80,240) (85,85,255) (1,1,0))
((43,48,256) (48,64,271) (1,1,0))
((43,43,256) (85,48,271) (1,1,0))
((80,48,256) (85,64,271) (1,1,0))
((43,64,256) (48,80,271) (1,1,0))
((80,64,256) (85,80,271) (1,1,0))
((43,80,256) (85,85,271) (1,1,0))
((43,48,272) (48,64,287) (1,1,0))
((43,43,272) (85,48,287) (1,1,0))
((80,48,272) (85,64,287) (1,1,0))
((43,64,272) (48,80,287) (1,1,0))
((80,64,272) (85,80,287) (1,1,0))
((43,80,272) (85,85,287) (1,1,0))
((43,48,288) (48,64,303) (1,1,0))
((43,43,288) (85,48,303) (1,1,0))
((80,48,288) (85,64,303) (1,1,0))
((43,64,288) (48,80,303) (1,1,0))
((80,64,288) (85,80,303) (1,1,0))
((43,80,288) (85,85,303) (1,1,0))
((43,48,304) (48,64,319) (1,1,0))
((43,43,304) (85,48,319) (1,1,0))
((80,48,304) (85,64,319) (1,1,0))
((43,64,304) (48,80,319) (1,1,0))
((80,64,304) (85,80,319) (1,1,0))
((43,80,304) (85,85,319) (1,1,0))
((43,48,320) (48,64,335) (1,1,0))
((43,43,320) (85,48,335) (1,1,0))
((80,48,320) (85,64,335) (1,1,0))
((43,64,320) (48,80,335) (1,1,0))
((80,64,320) (85,80,335) (1,1,0))
((43,80,320) (85,85,335) (1,1,0))
((43,48,336) (48,64,351) (1,1,0))
((43,43,336) (85,48,351) (1,1,0))
((80,48,336) (85,64,351) (1,1,0))
((43,64,336) (48,80,351) (1,1,0))
((80,64,336) (85,80,351) (1,1,0))
((43,80,336) (85,85,351) (1,1,0))
((43,48,352) (48,64,367) (1,1,0))
((43,43,352) (85,48,367) (1,1,0))
((80,48,352) (85,64,367) (1,1,0))
((43,64,352) (48,80,367) (1,1,0))
((80,64,352) (85,80,367) (1,1,0))
((43,80,352) (85,85,367) (1,1,0))
((43,48,368) (48,64,383) (1,1,0))
((43,43,368) (85,48,383) (1,1,0))
((80,48,368) (85,64,383) (1,1,0))
((43,64,368) (48,80,383) (1,1,0))
((80,64,368) (85,80,383) (1,1,0))
((43,80,368) (85,85,383) (1,1,0))
((43,48,384) (48,64,399) (1,1,0))
((43,43,384) (85,48,399) (1,1,0))
((80,48,384) (85,64,399) (1,1,0))
((43,43,400) (85,64,404) (1,1,0))
((43,64,384) (48,80,399) (1,1,0))
((80,64,384) (85,80,399) (1,1,0))
((43,80,384) (85,85,399) (1,1,0))
((43,64,400) (85,85,404) (1,1,0))
)
124
FabOnDisk: pml_Ez_cp_D_00008 0
FabOnDisk: pml_Ez_cp_D_00008 43776
FabOnDisk: pml_Ez_cp_D_00008 147456
FabOnDisk: pml_Ez_cp_D_00008 268416
FabOnDisk: pml_Ez_cp_D_00000 0
FabOnDisk: pml_Ez_cp_D_00000 43776
FabOnDisk: pml_Ez_cp_D_00000 164736
FabOnDisk: pml_Ez_cp_D_00000 208512
FabOnDisk: pml_Ez_cp_D_00009 0
FabOnDisk: pml_Ez_cp_D_00009 43776
FabOnDisk: pml_Ez_cp_D_00009 147456
FabOnDisk: pml_Ez_cp_D_00000 312192
FabOnDisk: pml_Ez_cp_D_00000 355968
FabOnDisk: pml_Ez_cp_D_00000 399744
FabOnDisk: pml_Ez_cp_D_00010 0
FabOnDisk: pml_Ez_cp_D_00010 43776
FabOnDisk: pml_Ez_cp_D_00010 147456
FabOnDisk: pml_Ez_cp_D_00011 0
FabOnDisk: pml_Ez_cp_D_00011 43776
FabOnDisk: pml_Ez_cp_D_00011 87552
FabOnDisk: pml_Ez_cp_D_00012 0
FabOnDisk: pml_Ez_cp_D_00012 43776
FabOnDisk: pml_Ez_cp_D_00012 147456
FabOnDisk: pml_Ez_cp_D_00014 0
FabOnDisk: pml_Ez_cp_D_00014 43776
FabOnDisk: pml_Ez_cp_D_00014 87552
FabOnDisk: pml_Ez_cp_D_00013 0
FabOnDisk: pml_Ez_cp_D_00013 43776
FabOnDisk: pml_Ez_cp_D_00013 147456
FabOnDisk: pml_Ez_cp_D_00015 0
FabOnDisk: pml_Ez_cp_D_00015 43776
FabOnDisk: pml_Ez_cp_D_00015 87552
FabOnDisk: pml_Ez_cp_D_00001 0
FabOnDisk: pml_Ez_cp_D_00001 43776
FabOnDisk: pml_Ez_cp_D_00001 147456
FabOnDisk: pml_Ez_cp_D_00016 0
FabOnDisk: pml_Ez_cp_D_00016 43776
FabOnDisk: pml_Ez_cp_D_00016 87552
FabOnDisk: pml_Ez_cp_D_00001 191232
FabOnDisk: pml_Ez_cp_D_00001 235008
FabOnDisk: pml_Ez_cp_D_00001 338688
FabOnDisk: pml_Ez_cp_D_00002 0
FabOnDisk: pml_Ez_cp_D_00002 43776
FabOnDisk: pml_Ez_cp_D_00002 87552
FabOnDisk: pml_Ez_cp_D_00002 191232
FabOnDisk: pml_Ez_cp_D_00002 235008
FabOnDisk: pml_Ez_cp_D_00002 338688
FabOnDisk: pml_Ez_cp_D_00003 0
FabOnDisk: pml_Ez_cp_D_00003 43776
FabOnDisk: pml_Ez_cp_D_00003 87552
FabOnDisk: pml_Ez_cp_D_00017 0
FabOnDisk: pml_Ez_cp_D_00017 43776
FabOnDisk: pml_Ez_cp_D_00017 147456
FabOnDisk: pml_Ez_cp_D_00003 191232
FabOnDisk: pml_Ez_cp_D_00003 235008
FabOnDisk: pml_Ez_cp_D_00003 278784
FabOnDisk: pml_Ez_cp_D_00018 0
FabOnDisk: pml_Ez_cp_D_00018 43776
FabOnDisk: pml_Ez_cp_D_00018 147456
FabOnDisk: pml_Ez_cp_D_00020 0
FabOnDisk: pml_Ez_cp_D_00020 43776
FabOnDisk: pml_Ez_cp_D_00020 87552
FabOnDisk: pml_Ez_cp_D_00019 0
FabOnDisk: pml_Ez_cp_D_00019 43776
FabOnDisk: pml_Ez_cp_D_00019 147456
FabOnDisk: pml_Ez_cp_D_00021 0
FabOnDisk: pml_Ez_cp_D_00021 43776
FabOnDisk: pml_Ez_cp_D_00021 87552
FabOnDisk: pml_Ez_cp_D_00022 0
FabOnDisk: pml_Ez_cp_D_00022 43776
FabOnDisk: pml_Ez_cp_D_00022 147456
FabOnDisk: pml_Ez_cp_D_00024 0
FabOnDisk: pml_Ez_cp_D_00024 43776
FabOnDisk: pml_Ez_cp_D_00024 87552
FabOnDisk: pml_Ez_cp_D_00004 0
FabOnDisk: pml_Ez_cp_D_00004 43776
FabOnDisk: pml_Ez_cp_D_00004 147456
FabOnDisk: pml_Ez_cp_D_00025 0
FabOnDisk: pml_Ez_cp_D_00025 43776
FabOnDisk: pml_Ez_cp_D_00025 87552
FabOnDisk: pml_Ez_cp_D_00004 191232
FabOnDisk: pml_Ez_cp_D_00004 235008
FabOnDisk: pml_Ez_cp_D_00004 338688
FabOnDisk: pml_Ez_cp_D_00005 0
FabOnDisk: pml_Ez_cp_D_00005 43776
FabOnDisk: pml_Ez_cp_D_00005 87552
FabOnDisk: pml_Ez_cp_D_00023 0
FabOnDisk: pml_Ez_cp_D_00023 43776
FabOnDisk: pml_Ez_cp_D_00023 147456
FabOnDisk: pml_Ez_cp_D_00005 191232
FabOnDisk: pml_Ez_cp_D_00005 235008
FabOnDisk: pml_Ez_cp_D_00005 278784
FabOnDisk: pml_Ez_cp_D_00026 0
FabOnDisk: pml_Ez_cp_D_00026 43776
FabOnDisk: pml_Ez_cp_D_00026 147456
FabOnDisk: pml_Ez_cp_D_00006 0
FabOnDisk: pml_Ez_cp_D_00006 43776
FabOnDisk: pml_Ez_cp_D_00006 87552
FabOnDisk: pml_Ez_cp_D_00027 0
FabOnDisk: pml_Ez_cp_D_00027 43776
FabOnDisk: pml_Ez_cp_D_00027 147456
FabOnDisk: pml_Ez_cp_D_00029 0
FabOnDisk: pml_Ez_cp_D_00029 43776
FabOnDisk: pml_Ez_cp_D_00029 87552
FabOnDisk: pml_Ez_cp_D_00028 0
FabOnDisk: pml_Ez_cp_D_00028 43776
FabOnDisk: pml_Ez_cp_D_00028 147456
FabOnDisk: pml_Ez_cp_D_00030 0
FabOnDisk: pml_Ez_cp_D_00030 43776
FabOnDisk: pml_Ez_cp_D_00030 87552
FabOnDisk: pml_Ez_cp_D_00006 191232
FabOnDisk: pml_Ez_cp_D_00006 235008
FabOnDisk: pml_Ez_cp_D_00006 338688
FabOnDisk: pml_Ez_cp_D_00031 0
FabOnDisk: pml_Ez_cp_D_00031 43776
FabOnDisk: pml_Ez_cp_D_00031 87552
FabOnDisk: pml_Ez_cp_D_00007 0
FabOnDisk: pml_Ez_cp_D_00007 43776
FabOnDisk: pml_Ez_cp_D_00007 147456
FabOnDisk: pml_Ez_cp_D_00007 191232
FabOnDisk: pml_Ez_cp_D_00007 312192
FabOnDisk: pml_Ez_cp_D_00007 355968
FabOnDisk: pml_Ez_cp_D_00007 399744
FabOnDisk: pml_Ez_cp_D_00007 503424

((8, (64 11 52 0 1 12 0 1023)),(8, (8 7 6 5 4 3 2 1)))
