2
1
6
1
(8 0
((0,0,0) (63,63,63) (0,0,0))
((64,0,0) (127,63,63) (0,0,0))
((0,64,0) (63,127,63) (0,0,0))
((64,64,0) (127,127,63) (0,0,0))
((0,0,64) (63,63,127) (0,0,0))
((64,0,64) (127,63,127) (0,0,0))
((0,64,64) (63,127,127) (0,0,0))
((64,64,64) (127,127,127) (0,0,0))
)
8
FabOnDisk: SD_0_New_MF_D_00007 0
FabOnDisk: SD_0_New_MF_D_00002 0
FabOnDisk: SD_0_New_MF_D_00003 0
FabOnDisk: SD_0_New_MF_D_00004 0
FabOnDisk: SD_0_New_MF_D_00005 0
FabOnDisk: SD_0_New_MF_D_00006 0
FabOnDisk: SD_0_New_MF_D_00001 0
FabOnDisk: SD_0_New_MF_D_00000 0

((8, (64 11 52 0 1 12 0 1023)),(8, (8 7 6 5 4 3 2 1)))
