2
1
6
1
(8 0
((192,0,128) (223,31,159) (0,0,0))
((224,0,128) (255,31,159) (0,0,0))
((192,0,160) (223,31,191) (0,0,0))
((224,0,160) (255,31,191) (0,0,0))
((192,224,128) (223,255,159) (0,0,0))
((224,224,128) (255,255,159) (0,0,0))
((192,224,160) (223,255,191) (0,0,0))
((224,224,160) (255,255,191) (0,0,0))
)
8
FabOnDisk: SD_0_New_MF_D_00001 0
FabOnDisk: SD_0_New_MF_D_00000 0
FabOnDisk: SD_0_New_MF_D_00007 0
FabOnDisk: SD_0_New_MF_D_00002 0
FabOnDisk: SD_0_New_MF_D_00003 0
FabOnDisk: SD_0_New_MF_D_00004 0
FabOnDisk: SD_0_New_MF_D_00005 0
FabOnDisk: SD_0_New_MF_D_00006 0

((8, (64 11 52 0 1 12 0 1023)),(8, (8 7 6 5 4 3 2 1)))
